# geo_benchmark.py --weights=/home/docker/GeoTransformer_benchmark/weights/geotransformer-3dmatch.pth.tar --input_txt=/benchmark/point_clouds_registration_benchmark/dataset_voxelgrid_0.025/eth/wood_autumn_global.txt --input_pcd_dir=/benchmark/point_clouds_registration_benchmark/dataset_voxelgrid_0.025/eth/wood_autumn/ --output_dir=/benchmark/experiments/geotransformer/3d-match
id;initial_error;final_error;transformation;status_code
26875431820030;1.8705285996737158;1.8705285996737158;1.0  0.0  0.0  0.0  0.0  1.0  0.0  0.0  0.0  0.0  1.0  0.0  0.0  0.0  0.0  1.0;OOM
26875431820061;1.573810327861901;1.573810327861901;1.0  0.0  0.0  0.0  0.0  1.0  0.0  0.0  0.0  0.0  1.0  0.0  0.0  0.0  0.0  1.0;OOM
26875431820092;2.271181033365268;2.271181033365268;1.0  0.0  0.0  0.0  0.0  1.0  0.0  0.0  0.0  0.0  1.0  0.0  0.0  0.0  0.0  1.0;OOM
26875431820123;2.7044328377957294;2.7044328377957294;1.0  0.0  0.0  0.0  0.0  1.0  0.0  0.0  0.0  0.0  1.0  0.0  0.0  0.0  0.0  1.0;OOM
26875431820154;3.0951676268639194;3.0951676268639194;1.0  0.0  0.0  0.0  0.0  1.0  0.0  0.0  0.0  0.0  1.0  0.0  0.0  0.0  0.0  1.0;OOM
26875431820185;1.822774872306786;1.822774872306786;1.0  0.0  0.0  0.0  0.0  1.0  0.0  0.0  0.0  0.0  1.0  0.0  0.0  0.0  0.0  1.0;OOM
26875431820216;1.9043710522467427;1.9043710522467427;1.0  0.0  0.0  0.0  0.0  1.0  0.0  0.0  0.0  0.0  1.0  0.0  0.0  0.0  0.0  1.0;OOM
26875431820247;2.9335116599753874;2.9335116599753874;1.0  0.0  0.0  0.0  0.0  1.0  0.0  0.0  0.0  0.0  1.0  0.0  0.0  0.0  0.0  1.0;OOM
26875431820278;1.3379870648299912;1.3379870648299912;1.0  0.0  0.0  0.0  0.0  1.0  0.0  0.0  0.0  0.0  1.0  0.0  0.0  0.0  0.0  1.0;OOM
26875431820309;2.5343074031118866;2.5343074031118866;1.0  0.0  0.0  0.0  0.0  1.0  0.0  0.0  0.0  0.0  1.0  0.0  0.0  0.0  0.0  1.0;OOM
26875431820340;1.9116141735325112;1.9116141735325112;1.0  0.0  0.0  0.0  0.0  1.0  0.0  0.0  0.0  0.0  1.0  0.0  0.0  0.0  0.0  1.0;OOM
26875431820371;2.0636939160672854;2.0636939160672854;1.0  0.0  0.0  0.0  0.0  1.0  0.0  0.0  0.0  0.0  1.0  0.0  0.0  0.0  0.0  1.0;OOM
26875431820402;3.1683425493198465;3.1683425493198465;1.0  0.0  0.0  0.0  0.0  1.0  0.0  0.0  0.0  0.0  1.0  0.0  0.0  0.0  0.0  1.0;OOM
26875431820433;1.6380321169334653;1.6380321169334653;1.0  0.0  0.0  0.0  0.0  1.0  0.0  0.0  0.0  0.0  1.0  0.0  0.0  0.0  0.0  1.0;OOM
26875431820464;3.0598108577217777;3.0598108577217777;1.0  0.0  0.0  0.0  0.0  1.0  0.0  0.0  0.0  0.0  1.0  0.0  0.0  0.0  0.0  1.0;OOM
26875431820495;1.6994588636301209;1.6994588636301209;1.0  0.0  0.0  0.0  0.0  1.0  0.0  0.0  0.0  0.0  1.0  0.0  0.0  0.0  0.0  1.0;OOM
26875431820526;2.7067777949347582;2.7067777949347582;1.0  0.0  0.0  0.0  0.0  1.0  0.0  0.0  0.0  0.0  1.0  0.0  0.0  0.0  0.0  1.0;OOM
26875431820557;1.9532600274254688;1.9532600274254688;1.0  0.0  0.0  0.0  0.0  1.0  0.0  0.0  0.0  0.0  1.0  0.0  0.0  0.0  0.0  1.0;OOM
26875431820588;1.24465036442355;1.24465036442355;1.0  0.0  0.0  0.0  0.0  1.0  0.0  0.0  0.0  0.0  1.0  0.0  0.0  0.0  0.0  1.0;OOM
26875431820619;2.5872325100431106;2.5872325100431106;1.0  0.0  0.0  0.0  0.0  1.0  0.0  0.0  0.0  0.0  1.0  0.0  0.0  0.0  0.0  1.0;OOM
26875431820650;2.5382341303012685;2.5382341303012685;1.0  0.0  0.0  0.0  0.0  1.0  0.0  0.0  0.0  0.0  1.0  0.0  0.0  0.0  0.0  1.0;OOM
26875431820681;1.3610431852647291;1.3610431852647291;1.0  0.0  0.0  0.0  0.0  1.0  0.0  0.0  0.0  0.0  1.0  0.0  0.0  0.0  0.0  1.0;OOM
26875431820712;1.5409832804322272;1.5409832804322272;1.0  0.0  0.0  0.0  0.0  1.0  0.0  0.0  0.0  0.0  1.0  0.0  0.0  0.0  0.0  1.0;OOM
26875431820743;1.0753154671831908;1.0753154671831908;1.0  0.0  0.0  0.0  0.0  1.0  0.0  0.0  0.0  0.0  1.0  0.0  0.0  0.0  0.0  1.0;OOM
26875431820774;1.9061040533784583;1.9061040533784583;1.0  0.0  0.0  0.0  0.0  1.0  0.0  0.0  0.0  0.0  1.0  0.0  0.0  0.0  0.0  1.0;OOM
26875431820805;2.572431185696566;2.572431185696566;1.0  0.0  0.0  0.0  0.0  1.0  0.0  0.0  0.0  0.0  1.0  0.0  0.0  0.0  0.0  1.0;OOM
26875431820836;1.7393401662145294;1.7393401662145294;1.0  0.0  0.0  0.0  0.0  1.0  0.0  0.0  0.0  0.0  1.0  0.0  0.0  0.0  0.0  1.0;OOM
26875431820867;2.4497950866926095;2.4497950866926095;1.0  0.0  0.0  0.0  0.0  1.0  0.0  0.0  0.0  0.0  1.0  0.0  0.0  0.0  0.0  1.0;OOM
26875431820898;2.1769594616136905;2.1769594616136905;1.0  0.0  0.0  0.0  0.0  1.0  0.0  0.0  0.0  0.0  1.0  0.0  0.0  0.0  0.0  1.0;OOM
26875431820929;2.946039766585526;2.946039766585526;1.0  0.0  0.0  0.0  0.0  1.0  0.0  0.0  0.0  0.0  1.0  0.0  0.0  0.0  0.0  1.0;OOM
26875431820960;1.8953642008729257;1.8953642008729257;1.0  0.0  0.0  0.0  0.0  1.0  0.0  0.0  0.0  0.0  1.0  0.0  0.0  0.0  0.0  1.0;OOM
26875431820991;1.7894213300872224;1.7894213300872224;1.0  0.0  0.0  0.0  0.0  1.0  0.0  0.0  0.0  0.0  1.0  0.0  0.0  0.0  0.0  1.0;OOM
26875431821022;1.6687313262788153;1.6687313262788153;1.0  0.0  0.0  0.0  0.0  1.0  0.0  0.0  0.0  0.0  1.0  0.0  0.0  0.0  0.0  1.0;OOM
26875431821053;1.604958725213188;1.604958725213188;1.0  0.0  0.0  0.0  0.0  1.0  0.0  0.0  0.0  0.0  1.0  0.0  0.0  0.0  0.0  1.0;OOM
26875431821084;1.7497564136029675;1.7497564136029675;1.0  0.0  0.0  0.0  0.0  1.0  0.0  0.0  0.0  0.0  1.0  0.0  0.0  0.0  0.0  1.0;OOM
26875431821115;1.3531100316581675;1.3531100316581675;1.0  0.0  0.0  0.0  0.0  1.0  0.0  0.0  0.0  0.0  1.0  0.0  0.0  0.0  0.0  1.0;OOM
26875431821146;1.9272007910865374;1.9272007910865374;1.0  0.0  0.0  0.0  0.0  1.0  0.0  0.0  0.0  0.0  1.0  0.0  0.0  0.0  0.0  1.0;OOM
26875431821177;3.216659964770376;3.216659964770376;1.0  0.0  0.0  0.0  0.0  1.0  0.0  0.0  0.0  0.0  1.0  0.0  0.0  0.0  0.0  1.0;OOM
26875431821208;1.6860681962222552;1.6860681962222552;1.0  0.0  0.0  0.0  0.0  1.0  0.0  0.0  0.0  0.0  1.0  0.0  0.0  0.0  0.0  1.0;OOM
26875431821239;1.6461830096180867;1.6461830096180867;1.0  0.0  0.0  0.0  0.0  1.0  0.0  0.0  0.0  0.0  1.0  0.0  0.0  0.0  0.0  1.0;OOM
26875431821270;2.1308594478840828;2.1308594478840828;1.0  0.0  0.0  0.0  0.0  1.0  0.0  0.0  0.0  0.0  1.0  0.0  0.0  0.0  0.0  1.0;OOM
26875431821301;2.026234594719859;2.026234594719859;1.0  0.0  0.0  0.0  0.0  1.0  0.0  0.0  0.0  0.0  1.0  0.0  0.0  0.0  0.0  1.0;OOM
26875431821332;1.7252616383814627;1.7252616383814627;1.0  0.0  0.0  0.0  0.0  1.0  0.0  0.0  0.0  0.0  1.0  0.0  0.0  0.0  0.0  1.0;OOM
26875431821363;2.954149290967631;2.954149290967631;1.0  0.0  0.0  0.0  0.0  1.0  0.0  0.0  0.0  0.0  1.0  0.0  0.0  0.0  0.0  1.0;OOM
26875431821394;3.118458666142088;3.118458666142088;1.0  0.0  0.0  0.0  0.0  1.0  0.0  0.0  0.0  0.0  1.0  0.0  0.0  0.0  0.0  1.0;OOM
26875431821425;1.6709692280683786;1.6709692280683786;1.0  0.0  0.0  0.0  0.0  1.0  0.0  0.0  0.0  0.0  1.0  0.0  0.0  0.0  0.0  1.0;OOM
26875431821456;1.7291418921942119;1.7291418921942119;1.0  0.0  0.0  0.0  0.0  1.0  0.0  0.0  0.0  0.0  1.0  0.0  0.0  0.0  0.0  1.0;OOM
26875431821487;1.6515385859862226;1.6515385859862226;1.0  0.0  0.0  0.0  0.0  1.0  0.0  0.0  0.0  0.0  1.0  0.0  0.0  0.0  0.0  1.0;OOM
26875431821518;1.4472250665979929;1.4472250665979929;1.0  0.0  0.0  0.0  0.0  1.0  0.0  0.0  0.0  0.0  1.0  0.0  0.0  0.0  0.0  1.0;OOM
26875431821549;1.2240096809318513;1.2240096809318513;1.0  0.0  0.0  0.0  0.0  1.0  0.0  0.0  0.0  0.0  1.0  0.0  0.0  0.0  0.0  1.0;OOM
26875431821580;2.8349763744880065;2.8349763744880065;1.0  0.0  0.0  0.0  0.0  1.0  0.0  0.0  0.0  0.0  1.0  0.0  0.0  0.0  0.0  1.0;OOM
26875431821611;2.153513926377928;2.153513926377928;1.0  0.0  0.0  0.0  0.0  1.0  0.0  0.0  0.0  0.0  1.0  0.0  0.0  0.0  0.0  1.0;OOM
26875431821642;1.0196779163699394;1.0196779163699394;1.0  0.0  0.0  0.0  0.0  1.0  0.0  0.0  0.0  0.0  1.0  0.0  0.0  0.0  0.0  1.0;OOM
26875431821673;3.0397739619072772;3.0397739619072772;1.0  0.0  0.0  0.0  0.0  1.0  0.0  0.0  0.0  0.0  1.0  0.0  0.0  0.0  0.0  1.0;OOM
26875431821704;3.6970022660292323;3.6970022660292323;1.0  0.0  0.0  0.0  0.0  1.0  0.0  0.0  0.0  0.0  1.0  0.0  0.0  0.0  0.0  1.0;OOM
26875431821735;1.5862461176859064;1.5862461176859064;1.0  0.0  0.0  0.0  0.0  1.0  0.0  0.0  0.0  0.0  1.0  0.0  0.0  0.0  0.0  1.0;OOM
26875431821766;2.1895991862830466;2.1895991862830466;1.0  0.0  0.0  0.0  0.0  1.0  0.0  0.0  0.0  0.0  1.0  0.0  0.0  0.0  0.0  1.0;OOM
26875431821797;2.949600050978976;2.949600050978976;1.0  0.0  0.0  0.0  0.0  1.0  0.0  0.0  0.0  0.0  1.0  0.0  0.0  0.0  0.0  1.0;OOM
26875431821828;2.202600360113421;2.202600360113421;1.0  0.0  0.0  0.0  0.0  1.0  0.0  0.0  0.0  0.0  1.0  0.0  0.0  0.0  0.0  1.0;OOM
26875431821859;1.6164236686919895;1.6164236686919895;1.0  0.0  0.0  0.0  0.0  1.0  0.0  0.0  0.0  0.0  1.0  0.0  0.0  0.0  0.0  1.0;OOM
26875431821890;3.7470906879579813;3.7470906879579813;1.0  0.0  0.0  0.0  0.0  1.0  0.0  0.0  0.0  0.0  1.0  0.0  0.0  0.0  0.0  1.0;OOM
26875431821921;1.0373730582543754;1.0373730582543754;1.0  0.0  0.0  0.0  0.0  1.0  0.0  0.0  0.0  0.0  1.0  0.0  0.0  0.0  0.0  1.0;OOM
26875431821952;1.6630078465331808;1.6630078465331808;1.0  0.0  0.0  0.0  0.0  1.0  0.0  0.0  0.0  0.0  1.0  0.0  0.0  0.0  0.0  1.0;OOM
26875431821983;3.6624396353788624;3.6624396353788624;1.0  0.0  0.0  0.0  0.0  1.0  0.0  0.0  0.0  0.0  1.0  0.0  0.0  0.0  0.0  1.0;OOM
26875431822014;2.6053895073196616;2.6053895073196616;1.0  0.0  0.0  0.0  0.0  1.0  0.0  0.0  0.0  0.0  1.0  0.0  0.0  0.0  0.0  1.0;OOM
26875431822045;2.7059537337118407;2.7059537337118407;1.0  0.0  0.0  0.0  0.0  1.0  0.0  0.0  0.0  0.0  1.0  0.0  0.0  0.0  0.0  1.0;OOM
26875431822076;0.7484869837855354;0.7484869837855354;1.0  0.0  0.0  0.0  0.0  1.0  0.0  0.0  0.0  0.0  1.0  0.0  0.0  0.0  0.0  1.0;OOM
26875431822107;1.705581973731015;1.705581973731015;1.0  0.0  0.0  0.0  0.0  1.0  0.0  0.0  0.0  0.0  1.0  0.0  0.0  0.0  0.0  1.0;OOM
26875431822138;2.5973785931905873;2.5973785931905873;1.0  0.0  0.0  0.0  0.0  1.0  0.0  0.0  0.0  0.0  1.0  0.0  0.0  0.0  0.0  1.0;OOM
26875431822169;1.6243742859494674;1.6243742859494674;1.0  0.0  0.0  0.0  0.0  1.0  0.0  0.0  0.0  0.0  1.0  0.0  0.0  0.0  0.0  1.0;OOM
26875431822200;2.518444894202844;2.518444894202844;1.0  0.0  0.0  0.0  0.0  1.0  0.0  0.0  0.0  0.0  1.0  0.0  0.0  0.0  0.0  1.0;OOM
26875431822231;2.2335425690089017;2.2335425690089017;1.0  0.0  0.0  0.0  0.0  1.0  0.0  0.0  0.0  0.0  1.0  0.0  0.0  0.0  0.0  1.0;OOM
26875431822262;1.0548058301134033;1.0548058301134033;1.0  0.0  0.0  0.0  0.0  1.0  0.0  0.0  0.0  0.0  1.0  0.0  0.0  0.0  0.0  1.0;OOM
26875431822293;1.7931103697447817;1.7931103697447817;1.0  0.0  0.0  0.0  0.0  1.0  0.0  0.0  0.0  0.0  1.0  0.0  0.0  0.0  0.0  1.0;OOM
26875431822324;2.331650748439462;2.331650748439462;1.0  0.0  0.0  0.0  0.0  1.0  0.0  0.0  0.0  0.0  1.0  0.0  0.0  0.0  0.0  1.0;OOM
26875431822355;2.467953227077186;2.467953227077186;1.0  0.0  0.0  0.0  0.0  1.0  0.0  0.0  0.0  0.0  1.0  0.0  0.0  0.0  0.0  1.0;OOM
26875431822386;1.818391129558604;1.818391129558604;1.0  0.0  0.0  0.0  0.0  1.0  0.0  0.0  0.0  0.0  1.0  0.0  0.0  0.0  0.0  1.0;OOM
26875431822417;1.9360276417922522;1.9360276417922522;1.0  0.0  0.0  0.0  0.0  1.0  0.0  0.0  0.0  0.0  1.0  0.0  0.0  0.0  0.0  1.0;OOM
26875431822448;2.1818826409200454;2.1818826409200454;1.0  0.0  0.0  0.0  0.0  1.0  0.0  0.0  0.0  0.0  1.0  0.0  0.0  0.0  0.0  1.0;OOM
26875431822479;1.6649397641874186;1.6649397641874186;1.0  0.0  0.0  0.0  0.0  1.0  0.0  0.0  0.0  0.0  1.0  0.0  0.0  0.0  0.0  1.0;OOM
26875431822510;2.688494159074874;2.688494159074874;1.0  0.0  0.0  0.0  0.0  1.0  0.0  0.0  0.0  0.0  1.0  0.0  0.0  0.0  0.0  1.0;OOM
26875431822541;1.9115015385046041;1.9115015385046041;1.0  0.0  0.0  0.0  0.0  1.0  0.0  0.0  0.0  0.0  1.0  0.0  0.0  0.0  0.0  1.0;OOM
26875431822572;3.3785299552643333;3.3785299552643333;1.0  0.0  0.0  0.0  0.0  1.0  0.0  0.0  0.0  0.0  1.0  0.0  0.0  0.0  0.0  1.0;OOM
26875431822603;3.2269253784402574;3.2269253784402574;1.0  0.0  0.0  0.0  0.0  1.0  0.0  0.0  0.0  0.0  1.0  0.0  0.0  0.0  0.0  1.0;OOM
26875431822634;1.9751552396493537;1.9751552396493537;1.0  0.0  0.0  0.0  0.0  1.0  0.0  0.0  0.0  0.0  1.0  0.0  0.0  0.0  0.0  1.0;OOM
26875431822665;1.5492217026526114;1.5492217026526114;1.0  0.0  0.0  0.0  0.0  1.0  0.0  0.0  0.0  0.0  1.0  0.0  0.0  0.0  0.0  1.0;OOM
26875431822696;1.8372525154982848;1.8372525154982848;1.0  0.0  0.0  0.0  0.0  1.0  0.0  0.0  0.0  0.0  1.0  0.0  0.0  0.0  0.0  1.0;OOM
26875431822727;2.1032764960437738;2.1032764960437738;1.0  0.0  0.0  0.0  0.0  1.0  0.0  0.0  0.0  0.0  1.0  0.0  0.0  0.0  0.0  1.0;OOM
26875431822758;3.1437562374095966;3.1437562374095966;1.0  0.0  0.0  0.0  0.0  1.0  0.0  0.0  0.0  0.0  1.0  0.0  0.0  0.0  0.0  1.0;OOM
26875431822789;2.3808407138596497;2.3808407138596497;1.0  0.0  0.0  0.0  0.0  1.0  0.0  0.0  0.0  0.0  1.0  0.0  0.0  0.0  0.0  1.0;OOM
26875431822820;2.2482061726337648;2.2482061726337648;1.0  0.0  0.0  0.0  0.0  1.0  0.0  0.0  0.0  0.0  1.0  0.0  0.0  0.0  0.0  1.0;OOM
26875431822851;3.388184248882013;3.388184248882013;1.0  0.0  0.0  0.0  0.0  1.0  0.0  0.0  0.0  0.0  1.0  0.0  0.0  0.0  0.0  1.0;OOM
26875431822882;3.7402990661709556;3.7402990661709556;1.0  0.0  0.0  0.0  0.0  1.0  0.0  0.0  0.0  0.0  1.0  0.0  0.0  0.0  0.0  1.0;OOM
26875431822913;2.7479107060052805;2.7479107060052805;1.0  0.0  0.0  0.0  0.0  1.0  0.0  0.0  0.0  0.0  1.0  0.0  0.0  0.0  0.0  1.0;OOM
26875431822944;1.8358117354912376;1.8358117354912376;1.0  0.0  0.0  0.0  0.0  1.0  0.0  0.0  0.0  0.0  1.0  0.0  0.0  0.0  0.0  1.0;OOM
26875431822975;2.5565960457258767;2.5565960457258767;1.0  0.0  0.0  0.0  0.0  1.0  0.0  0.0  0.0  0.0  1.0  0.0  0.0  0.0  0.0  1.0;OOM
26875431823006;2.945305701353238;2.945305701353238;1.0  0.0  0.0  0.0  0.0  1.0  0.0  0.0  0.0  0.0  1.0  0.0  0.0  0.0  0.0  1.0;OOM
26875431823037;3.062051701904937;3.062051701904937;1.0  0.0  0.0  0.0  0.0  1.0  0.0  0.0  0.0  0.0  1.0  0.0  0.0  0.0  0.0  1.0;OOM
26875431823068;2.4254568311440474;2.4254568311440474;1.0  0.0  0.0  0.0  0.0  1.0  0.0  0.0  0.0  0.0  1.0  0.0  0.0  0.0  0.0  1.0;OOM
26875431823099;1.9142411561098645;1.9142411561098645;1.0  0.0  0.0  0.0  0.0  1.0  0.0  0.0  0.0  0.0  1.0  0.0  0.0  0.0  0.0  1.0;OOM
