# registration_from_features.py FastGlobal FastGlobal_config.json euclidean True --use_random_keypoints=True --n_keypoints=5000 --use_status_txt --input_txt=/benchmark/point_clouds_registration_benchmark//tum/pioneer_slam3_global.txt --input_pcd_dir=/benchmark/point_clouds_registration_benchmark//tum/pioneer_slam3/ --input_features_dir=/benchmark/experiments/OverlapPredator/3DMatch/features/tum/pioneer_slam3/ --output_dir=/benchmark/experiments/OverlapPredator/3DMatch/results/FastGlobal/
id;initial_error;final_error;transformation;status_code
39885980090030;15.205318337116758;8.156828767041894;-0.5361705758257881  0.8381350160987953  0.10025372016895563  -2.1313679810210733  0.8309690771385494  0.5449629000422668  -0.11182947025284308  -3.0276467353565777  -0.14836275293398615  0.02334806986874274  -0.9886573527644703  -6.311133190476633  0.0  0.0  0.0  1.0;ok
39885980090061;13.318166755923231;3.0861213621755432;-0.7169149124791988  0.6959222953161386  -0.041535131477578514  3.060728159136868  -0.4242629214357687  -0.4827848839363619  -0.7661068654811423  -7.791693299138291  -0.5532033819127729  -0.5316116201932297  0.6413697089166281  -2.600185679144318  0.0  0.0  0.0  1.0;ok
39885980090092;16.131758473986306;2.358580463523357;0.43170072739762044  0.6289184700488557  -0.6466034642621198  -6.734850926338377  0.13643531965323308  0.6630667536849436  0.7360216598095691  10.379495736219448  0.8916388761799725  -0.40596063625568496  0.20043970738202946  -5.0109480678201574  0.0  0.0  0.0  1.0;ok
39885980090123;12.985542941208589;1.7780739381096295;0.45076344915844324  -0.8309834576285997  0.32600430372987405  6.1540500139654695  0.4707014782372286  0.5315846483047276  0.704171768868949  5.6335189371785335  -0.7584539744032404  -0.16396418765801982  0.6307640714859832  9.455989380615277  0.0  0.0  0.0  1.0;ok
39885980090154;12.128119033469892;1.0955957560676535;-0.3887226014878362  -0.8415897742676657  -0.37499518788996056  10.52386300873651  0.9207682354892319  -0.34032216611048477  -0.19070049755549565  -1.5135860376088799  0.03287241406674155  -0.41941325098518917  0.9072000492126624  -9.928683659204125  0.0  0.0  0.0  1.0;ok
39885980090185;6.628057703543316;1.0483729020272758;0.7543223531712635  0.6033941233942186  -0.2586760896555633  -3.1035793887192042  0.2202865646075914  0.13854398463330067  0.965546163461548  -0.09491416873469254  0.6184428970887743  -0.7853159212541481  -0.028412794040606624  -5.791268618426356  0.0  0.0  0.0  1.0;ok
39885980090216;5.823010286342225;2.657623510617355;1.0  0.0  0.0  1.2821259444839321  0.0  1.0  0.0  0.44642392135094844  0.0  0.0  1.0  3.661073818293535  0.0  0.0  0.0  1.0;ok
39885980090247;5.3740242030998315;1.0880316785174284;0.34376615648076764  -0.11160970783815932  -0.9323991113116308  -1.9266085356421434  0.9347785026653972  0.1353266454323992  0.3284445919643836  -4.141037476939688  0.08952083898778573  -0.9844947801549251  0.15085107634560813  -1.7055822104797704  0.0  0.0  0.0  1.0;ok
39885980090278;4.39500473301532;2.659096871396419;1.0  0.0  0.0  -0.5711599821671847  0.0  1.0  0.0  -2.7031250584542783  0.0  0.0  1.0  -2.8493230054189524  0.0  0.0  0.0  1.0;ok
39885980090309;6.062761454151005;0.7015712485678609;0.6645145804433211  0.094643192022487  -0.7412577409929908  6.168859082032893  0.5015008435753039  -0.7918728353391603  0.348474269559718  -0.2464723827273546  -0.5540011518683834  -0.6033076154464777  -0.5736746855778012  5.778262712540932  0.0  0.0  0.0  1.0;ok
39885980090340;10.653667033347874;1.125904904787696;0.837631548659426  -0.14955373299135039  -0.5253637498331634  -4.241221212655876  -0.461641750243513  -0.7079490607897915  -0.5345044637409098  -4.641810920342948  -0.2919936354143981  0.6902476427161516  -0.6620407152149178  -4.496187784800155  0.0  0.0  0.0  1.0;ok
39885980090371;7.825764243118106;2.7264484755137364;-0.05220115518976169  0.6548524118589244  -0.7539518274262654  -0.12617171086916057  -0.977436614832447  0.12123426585246265  0.17297374589255177  6.493941538052866  0.20467707097215587  0.7459695512993559  0.6337481559361708  2.34127841637411  0.0  0.0  0.0  1.0;ok
39885980090402;6.3535513934385985;0.4024289466257834;-0.43834003970300556  0.8439935398544591  -0.3090839922692637  -1.3745375398337478  -0.6777728393073306  -0.08452803975889957  0.7303964600077117  2.682503208537063  0.5903236297916999  0.5296507483034985  0.6090879221681352  1.6477929845825499  0.0  0.0  0.0  1.0;ok
39885980090433;6.8874917645610045;0.26570841017856084;0.17412080116133458  -0.9665948034111584  -0.18808623719315354  7.4824482256409635  0.8367491538008832  0.24593252636038712  -0.48925253815540387  -5.415546915574363  0.5191654844232643  -0.07219195589912819  0.8516193523441197  2.8707742125342195  0.0  0.0  0.0  1.0;ok
39885980090464;6.2677651862134764;1.5978652075074602;0.4267260563387028  0.8951941504038028  0.12857801493423995  0.21482160907290182  0.9029964426899552  -0.42960852443624625  -0.005825823632499569  -8.524135253485003  0.050022968033742614  0.11859152083737609  -0.9916822847336607  -1.6648414315538254  0.0  0.0  0.0  1.0;ok
39885980090495;9.69087354585672;2.027161680858111;-0.4082252100010091  0.910611430497887  0.06433506482644459  1.8856702228246196  -0.6515516629911098  -0.24127663154053972  -0.7192120810483997  10.98069307152539  -0.6394001942235799  -0.3355181212975562  0.6918055954585852  -0.49501311979447304  0.0  0.0  0.0  1.0;ok
39885980090526;2.92110847772627;2.808749047593971;0.46149643032334214  0.20458698076280524  -0.8632295245768495  0.2275020006057314  -0.2851450422974816  -0.8872046621013232  -0.362712272192222  -2.6976695129469985  -0.8400674673215126  0.4135360381490798  -0.3511048212428631  1.3229997651189236  0.0  0.0  0.0  1.0;ok
39885980090557;4.738076726601074;2.117337009416857;-0.39192951509263796  -0.5369383211885969  -0.7470532072338762  10.556477380113167  -0.8578922902574488  -0.0799826597240706  0.5075663429151814  4.498240957192522  -0.3322831225266759  0.8398214175541343  -0.42928768105000037  4.456528472666046  0.0  0.0  0.0  1.0;ok
39885980090588;14.769319861057435;1.6465686171462963;-0.14768024921848144  -0.945056457145766  -0.2916484815627505  -4.201604518718322  -0.26827219996823004  0.322103194482802  -0.9078984297971786  -7.42483721174619  0.9519561810897463  -0.05583748661128274  -0.30110065488796495  2.137067884028182  0.0  0.0  0.0  1.0;ok
39885980090619;2.836952107880147;1.1995525953378234;-0.923390271676409  0.20848702931908503  -0.32230973422946607  6.4207264659593095  -0.24834218115453774  -0.9647169363417222  0.08744937847033533  2.8931563158540143  -0.29270559822588477  0.1607930077495412  0.9425863575429482  -1.3110493335005204  0.0  0.0  0.0  1.0;ok
39885980090650;12.55893498698289;0.8986107711028993;-0.02183413502837344  -0.9095503041452093  0.4150198968446228  -2.6843930277626313  -0.946502937253995  0.15248754160845912  0.28439363464003276  11.874919280165896  -0.3219556806722357  -0.3866080623623459  -0.8642214680273279  1.8032603251248214  0.0  0.0  0.0  1.0;ok
39885980090681;13.661467239296929;0.8376019028419918;0.8497972129302682  0.21330169437753918  -0.4820239455375822  4.052645820021706  -0.04584477676004777  0.9409093918108531  0.3355410151471102  -1.3552208362823321  0.5251123244980727  -0.2630435393196391  0.8093609473420544  -12.002853072379283  0.0  0.0  0.0  1.0;ok
39885980090712;11.512393687205597;0.909936400624047;0.852025780798306  -0.4934771067353277  -0.17473526828653396  8.32999927362752  -0.30241600230758536  -0.19151720815095585  -0.9337375008696835  6.195294282369161  0.42731326963170135  0.8484111645365062  -0.31241297266034135  -7.2349189680308195  0.0  0.0  0.0  1.0;ok
39885980090743;17.098275178250592;1.1876228241554903;0.09329340044331402  -0.8411710087017458  -0.5326609386405328  3.0558574150053546  0.09426183596310618  -0.5251289620796163  0.8457861901604036  15.039537813870457  -0.9911665085718887  -0.12911586775014752  0.030299257095488943  7.050376279026561  0.0  0.0  0.0  1.0;ok
39885980090774;10.611953381784044;0.3460787460786492;-0.6013911094494331  0.7907666625976119  0.1140912739845448  6.379040529706284  -0.41899464179141505  -0.19056610857084155  -0.8877657621322463  -5.718202007020595  -0.6802736387846172  -0.581698069094614  0.44593175799255835  4.3115477813602405  0.0  0.0  0.0  1.0;ok
39885980090805;5.343071835957388;0.3515368660461927;0.35645128051166536  -0.41888645836916727  -0.8351506568377532  -0.95726876063495  0.4538320543876637  0.8589571597599904  -0.23712668366786904  -5.943517629616574  0.8166877928755061  -0.29449402827898724  0.49628048145796333  -0.7439793348621152  0.0  0.0  0.0  1.0;ok
39885980090836;5.261479947974986;1.5243351027893257;-0.6803308809855193  -0.38432414258042563  -0.6240551624714656  8.07021856015624  -0.13526159947547683  0.9026959479191599  -0.40846581903222284  2.70329087125295  0.7203153421139964  -0.1934812110778444  -0.6661162277523696  -4.224518903965091  0.0  0.0  0.0  1.0;ok
39885980090867;12.813048896623984;0.8773246832626164;0.7480472691862216  -0.3608310643484838  0.5569795562353941  -5.6083779980317106  0.583920239956103  0.7566989258906264  -0.2940134162339865  1.908554970858783  -0.3153766580339174  0.5451675692455614  0.7767431267866138  -6.996173087084624  0.0  0.0  0.0  1.0;ok
39885980090898;9.513150698671726;2.7037327845784946;1.0  0.0  0.0  -0.4130761158850045  0.0  1.0  0.0  4.8082964845175855  0.0  0.0  1.0  5.356218308501204  0.0  0.0  0.0  1.0;ok
39885980090929;3.2910700942172166;0.8109506368087527;-0.5985405177347817  0.3064714600702283  -0.7401516687762054  5.424915450187407  0.34431698286385565  -0.7358141468777487  -0.5831152172307819  0.7113632863509586  -0.7233222407345931  -0.6038648734750128  0.3348912519635221  1.429048662612564  0.0  0.0  0.0  1.0;ok
39885980090960;13.148595121958836;1.3305062002626795;1.0  0.0  0.0  -0.6080770791053771  0.0  1.0  0.0  0.9920618514017084  0.0  0.0  1.0  11.65043019747673  0.0  0.0  0.0  1.0;ok
39885980090991;4.974292677219224;2.3188642155731243;-0.2264181666416532  -0.7936836922738721  0.5646246633234737  7.272003554452869  0.613099390455302  -0.5665661758667917  -0.5505559969585457  -3.1770977749787637  0.7568645527688359  0.22151515745473  0.6148878627683547  -0.15809920624271698  0.0  0.0  0.0  1.0;ok
39885980091022;13.287028172970416;1.0671771226489006;-0.16418671425648643  0.8206435946113714  -0.5473452415843074  -5.480961244429092  0.6618419093518272  -0.31979660394778475  -0.6780084211342751  -8.289764242561821  -0.7314424173420524  -0.47357599466906003  -0.4906299699223672  6.817812799215944  0.0  0.0  0.0  1.0;ok
39885980091053;15.533441302838277;2.0484897746440818;0.6680768617282972  0.7402967365474965  0.07506030029512716  -1.415245191556748  0.7377223544761806  -0.6458080197507273  -0.1967173844167405  14.43275601858122  -0.0971546938103815  0.1867959942899454  -0.9775828466108848  -0.6644913065771546  0.0  0.0  0.0  1.0;ok
39885980091084;7.763469718260981;1.2388079983137872;-0.11419850924485375  -0.06878040060846452  -0.9910741430278526  -3.011099450805604  0.9887457507146189  -0.10491831389039645  -0.10664889992017151  -0.6383342989391546  -0.09664647396589031  -0.9920994929454078  0.07998784387283549  -2.0452516165484083  0.0  0.0  0.0  1.0;ok
39885980091115;3.6651649034345075;1.3001428563242046;-0.6816577001219719  -0.7104480772115845  0.17494659028053502  5.636783478159893  -0.6937804990087947  0.5516605311217021  -0.4629679012605838  3.948616135196576  0.23240352634917386  -0.43696016750830236  -0.8689386704201781  2.714815852561804  0.0  0.0  0.0  1.0;ok
39885980091146;8.080612412768405;1.2342141483100368;-0.31180111433310737  -0.8059713432266614  0.5031801456715499  4.394374418510459  -0.8115656292059164  -0.04948705519343831  -0.5821617136671619  -2.865574327476058  0.4941065619805475  -0.5898823825693484  -0.6386685213333047  2.698111518191474  0.0  0.0  0.0  1.0;ok
39885980091177;3.8726541071914253;2.4267045870088193;0.9185851344504823  0.388068499201144  -0.07486114275351259  1.2481528612229849  0.39010346753762476  -0.9206614176980936  0.014206990436334149  3.619735671529333  -0.06340848036115489  -0.04225392159207048  -0.9970927593400629  2.0455462009085594  0.0  0.0  0.0  1.0;ok
39885980091208;5.2059592602279805;3.022297126236687;0.052903276452698184  -0.943309805266526  -0.327670344444836  5.712711035208803  0.9907127467280202  0.09073790072795548  -0.10126641517356649  -0.9803440424048265  0.12525772156314702  -0.31926986180895955  0.9393493804380229  -3.6062327992370773  0.0  0.0  0.0  1.0;ok
39885980091239;9.534104921615693;1.3359218542978313;-0.00774695863596551  0.6721556193234229  0.7403693727078668  8.62707434873391  -0.5896238694698788  -0.6010588591552153  0.5395108343512636  7.6643658164191315  0.8076408095083233  -0.4323598862556244  0.40097537527105565  0.8464396702121245  0.0  0.0  0.0  1.0;ok
39885980091270;6.793393155968177;1.1328078738091711;-0.10794786609664637  -0.9898964454399976  0.09193631225167218  4.933831592040534  -0.6060421692196811  0.13883031776827998  0.7832234878984805  -3.0420051149486205  -0.7880736941001663  0.028830022088352118  -0.6149054256499139  3.419259050160082  0.0  0.0  0.0  1.0;ok
39885980091301;9.237550092631151;1.585896813718032;0.37663657941744255  0.4881105176488463  0.787332845501382  -0.6845125034772409  -0.43417667689336636  -0.6577737991333442  0.6154869961384388  -4.949544886285839  0.818312593259178  -0.5736564753702879  -0.035815471226521886  2.4536911243771153  0.0  0.0  0.0  1.0;ok
39885980091332;14.314334062580222;1.7881307365347485;1.0  0.0  0.0  12.359644187641143  0.0  1.0  0.0  -0.3272851798950229  0.0  0.0  1.0  1.6960079705015565  0.0  0.0  0.0  1.0;ok
39885980091363;4.939595963032118;0.89556764579604;0.7161113084378814  0.687785931147083  0.11889115544701667  3.6571287692486973  0.6970617899151451  -0.7134749383121922  -0.07112224293921912  1.998056050846955  0.03590898171320551  0.13380592407121858  -0.9903567638562216  0.7259729362321312  0.0  0.0  0.0  1.0;ok
39885980091394;15.273466798993145;3.6214750969697898;-0.25012245215653667  0.9248851401337896  0.2864022284949972  6.236409688562564  -0.8660397541451743  -0.08145340716939209  -0.49329553687486544  -4.504539254493086  -0.4329132744180586  -0.3714200048734547  0.821360625311707  -8.457367356671776  0.0  0.0  0.0  1.0;ok
39885980091425;8.06198539416402;0.9247858534844676;0.3972979717952107  0.9138164952199608  0.08422431164052627  2.082604848533421  0.21345505402386877  -0.002760296205113546  -0.9769489857083272  -5.653603804211031  -0.8925196140808785  0.40611795556065783  -0.19615540943892448  -0.26398046237904416  0.0  0.0  0.0  1.0;ok
39885980091456;10.977064992754894;0.9991430996829166;-0.838245869159212  0.5419828208354085  0.059987371644473396  -4.390994966701447  0.53697941645588  0.8395924834328719  -0.08208269041476791  1.3318650816995794  -0.09485235442635039  -0.03659349234928237  -0.9948185498760375  3.425221325365725  0.0  0.0  0.0  1.0;ok
39885980091487;2.767744523025431;0.8379114046576566;1.0  0.0  0.0  0.12588020381927478  0.0  1.0  0.0  0.46607768851353315  0.0  0.0  1.0  -2.4695279623848987  0.0  0.0  0.0  1.0;ok
39885980091518;6.6339837111177165;0.641816326267368;-0.7953690699099873  -0.6058916675389935  -0.01683240438376058  10.086275465436325  0.588916962238818  -0.7659194663864848  -0.25796159132251534  2.595502099524728  0.14340451254379974  -0.2150875594195496  0.9660085338986487  -1.784509276150952  0.0  0.0  0.0  1.0;ok
39885980091549;8.72791924372333;0.9736480751178248;0.41870140226125646  0.5716065898066944  0.7056592961436979  -6.117756240393094  0.4782163549007426  -0.7993656869351192  0.3637631323487724  3.5956681989334682  0.7720092315833436  0.18514968279828484  -0.6080471538538683  -0.2637685781924137  0.0  0.0  0.0  1.0;ok
39885980091580;11.404884011730314;0.12918074450287761;0.047842952897396596  -0.9678941219743121  0.2467630857839843  12.376010315223466  0.9597267649997825  0.11301241789458438  0.2572017300577007  -5.413242497500521  -0.276831335656049  0.22451984778454698  0.934320742330862  1.6833958620763863  0.0  0.0  0.0  1.0;ok
39885980091611;5.185738995238877;1.3491451276985467;0.7688594872966856  -0.3603517991742304  0.5282060863202662  -0.9588429992705816  -0.6331105951088952  -0.5447667115075965  0.5499092692381713  0.666124840693229  0.0895882980904281  -0.7572158284565201  -0.6469915965297903  3.491849944695734  0.0  0.0  0.0  1.0;ok
39885980091642;11.452810801369598;1.7243844246128865;-0.4292530740933871  -0.9008982853004791  0.06421898414045205  4.8862194376866315  -0.8943301982777228  0.43390081862348867  0.1091035106969229  3.6569837968025958  -0.12615583549683107  -0.01059995945848944  -0.9919538023666096  -8.83279854342351  0.0  0.0  0.0  1.0;ok
39885980091673;6.84357315400721;2.7404272042379687;1.0  0.0  0.0  1.659670680126315  0.0  1.0  0.0  3.69561293726321  0.0  0.0  1.0  4.262493421412532  0.0  0.0  0.0  1.0;ok
39885980091704;11.97004270038415;0.9350987371865621;0.3923236799105316  -0.11117439598584052  -0.9130839960587651  2.635989808063185  -0.9195997682401824  -0.0694808202463816  -0.3866635253944876  2.4220599740448363  -0.020454741114518924  0.9913690883294037  -0.1294949198650834  10.28394973302533  0.0  0.0  0.0  1.0;ok
39885980091735;9.206758517908435;0.9531227373376756;-0.674657212999544  0.17137723972273455  -0.717960644222721  8.021285464073458  -0.7308897039875767  -0.29101636310440276  0.6173408434652927  7.314994551059791  -0.10314012581260373  0.9412434956537559  0.32159414848043694  -6.854006700163873  0.0  0.0  0.0  1.0;ok
39885980091766;2.598811728309922;0.5001564944546976;0.818877144432242  0.17647506532017734  -0.5461655185442749  -1.1051207315704736  0.24211223262645454  -0.9689634042831313  0.04991580884528023  2.8890572188738473  -0.5204055045242407  -0.1731082680875887  -0.8361887576262826  0.7285886437805453  0.0  0.0  0.0  1.0;ok
39885980091797;12.542227557622743;0.9789591668381358;0.38727060389127693  0.3726466555299862  -0.8433006281771643  -4.462207247500457  -0.9010234129249944  0.34682185525125836  -0.2605214196204772  -5.366694891002053  0.1953926526834612  0.8607258976250183  0.47007727070656097  -5.77957098295086  0.0  0.0  0.0  1.0;ok
39885980091828;9.47715700246654;0.5472299088340998;0.7385089867658898  -0.6741676891849833  -0.010119452801327016  -2.3806421334892804  0.6740759236432762  0.7379073980726156  0.03338144745461784  2.7834103293990267  -0.015037474205584074  -0.03147377843030748  0.9993914526554823  5.603754012432358  0.0  0.0  0.0  1.0;ok
39885980091859;14.228056617716064;2.866989574834676;-0.7500167715153562  -0.09874936445579788  0.6540056616461812  -2.369828070392863  0.3345151953966113  0.7963761060318058  0.5038697071569045  -0.9983329757192794  -0.5705912954948138  0.5966855627222712  -0.5642622730117236  8.858794711807846  0.0  0.0  0.0  1.0;ok
39885980091890;12.934736653014653;1.2009320936537728;0.9165082694816914  0.39494216883224564  -0.06350807231965694  -5.354931198154856  -0.04285234052066208  0.25478746585956247  0.9660471128018362  -7.413104539797509  0.39771380273203677  -0.8826686980509421  0.2504390157253413  4.658633342098885  0.0  0.0  0.0  1.0;ok
39885980091921;11.389616762246979;1.1036880068302553;0.5357198399089739  0.11800556397230143  0.8361094067162995  5.5137492184955255  -0.638919895137659  -0.5907440434121549  0.49275028439397384  3.0984040695549577  0.5520739268659479  -0.798183037933428  -0.24107720180509595  -8.838876917565013  0.0  0.0  0.0  1.0;ok
39885980091952;7.751231368250753;0.47121990859578633;0.6725560638107679  -0.2698757918868842  0.6890830124047413  -3.297591633392493  0.21371156408457243  0.9622918505073005  0.1682907062905154  -2.111714372184739  -0.7085165547874597  0.03408007336644253  0.7048707968070779  -3.2358933454149184  0.0  0.0  0.0  1.0;ok
39885980091983;14.851121124669065;3.780684692888002;0.9171036813599518  -0.34494265088333353  0.19983844784626068  2.5953063301463972  -0.27460315120357986  -0.1832316850527904  0.943938164787175  4.668046511343218  -0.2889877972944324  -0.9205654334126903  -0.26276479182078094  14.43884148394061  0.0  0.0  0.0  1.0;ok
39885980092014;8.09691717384987;3.170804785318693;0.306559012489121  0.3491991270840257  0.8854837895215523  -0.2646929389259863  -0.9047199947341019  -0.18220778000537852  0.38507409161593364  3.1326808444717336  0.29580957217442977  -0.9191628226539983  0.2600699953103286  -5.0478315318512434  0.0  0.0  0.0  1.0;ok
39885980092045;7.770476372289854;3.104430652899299;0.6348833475741168  0.7053484958421956  0.3152881767308058  4.973411859929048  -0.7502205648504312  0.6603435731962919  0.03339864389241445  -2.645304536847017  -0.18464083797628117  -0.2577399168764998  0.9484080852670499  -3.007706837997804  0.0  0.0  0.0  1.0;ok
39885980092076;16.718631862778135;3.243725127883839;1.0  0.0  0.0  -0.6110896010279658  0.0  1.0  0.0  -5.483375209510187  0.0  0.0  1.0  13.619157519947484  0.0  0.0  0.0  1.0;ok
39885980092107;10.262899426928634;1.084392105482377;0.6696054495475496  -0.7101770633229249  -0.2174329337203744  -3.0732892219764247  -0.40512968006442185  -0.5946127742920186  0.6944822466986823  10.338080464978344  -0.6224937624323024  -0.376940562129859  -0.6858697604896303  2.3314891412046443  0.0  0.0  0.0  1.0;ok
39885980092138;15.257229419744425;1.8966373572669848;-0.9592860568543323  0.2822468331557431  -0.010343418120878457  11.20119759940307  0.28205521283766627  0.959250870777415  0.01681141944844962  -1.4342735678756182  0.014666902739445025  0.013209545273274125  -0.9998051759606494  11.191379000613793  0.0  0.0  0.0  1.0;ok
39885980092169;15.992191385092843;3.0265571555274193;-0.36301327159717006  -0.061434837047913055  0.9297564871735051  12.789330133456348  0.27023526559025385  -0.9618798514600254  0.04195298066412163  7.985886764790438  0.8917366572456704  0.2664824800097294  0.36577701126804113  -9.945468028661411  0.0  0.0  0.0  1.0;ok
39885980092200;6.917432320039796;0.7739042748709583;0.4296548783949306  0.8975212017608871  -0.09925914497480937  -1.459250572536244  -0.8971226667225667  0.411761091749506  -0.16007412087481687  -3.4755944854791663  -0.10279886343743282  0.15782425577504752  0.9821017757671677  -2.3165082949245663  0.0  0.0  0.0  1.0;ok
39885980092231;11.63978213050849;2.5563306548987117;0.7694129291781397  0.44734437700215796  -0.45594599765549515  6.623407553301903  0.3381864247546361  -0.8908476085240299  -0.3033487769856534  3.0478585273786356  -0.5418797712825139  0.07920572423484  -0.836715463418267  9.810149291773456  0.0  0.0  0.0  1.0;ok
39885980092262;5.191873642222159;0.951980987706759;-0.5282807880356587  -0.8367562759043573  0.14407756149760292  8.528785683259093  0.030833872090474865  -0.18848303835557353  -0.9815922863308171  0.4629285939515189  0.8485096825165469  -0.514113877450242  0.12537240401597452  -3.909135719701652  0.0  0.0  0.0  1.0;ok
39885980092293;17.8683780302977;3.432004416956593;-0.49899560925825637  0.4394095480522513  0.7469421872015906  -7.9541223769154135  -0.7041886158893098  -0.7079597711798178  -0.053956979557024644  0.04459130566412425  0.5050958079343741  -0.5529124808426163  0.6626960188016718  -8.118820935402423  0.0  0.0  0.0  1.0;ok
39885980092324;2.5378082800465176;1.0029454739391337;0.5129530653159307  -0.2726059905095435  -0.8139810358486851  3.196191250852226  -0.8582653386886822  -0.18067245209737418  -0.48035203076361005  5.629431271916911  -0.01611710856795776  0.9450097560297638  -0.32664476089473077  -0.5135627362388482  0.0  0.0  0.0  1.0;ok
39885980092355;4.721106299632293;0.08788995433218838;0.5314900832810373  0.8431694207648898  -0.08113950493387288  -0.7308999152625696  -0.8469471994615149  0.5273786708921953  -0.06746983631428094  -0.3715085894617769  -0.014097258535337252  0.1045804253910724  0.9944165133015483  2.159089612014679  0.0  0.0  0.0  1.0;ok
39885980092386;4.150156398285817;0.08395511366847032;-0.1243750117840646  -0.9885056793843263  0.08594985903796044  -0.519787498644064  0.8785817539770758  -0.06945949399758372  0.47251400008059735  2.8049205077748334  -0.4611127389503353  0.134282912235813  0.8771220789942471  4.213487247765669  0.0  0.0  0.0  1.0;ok
39885980092417;6.211588953303198;5.710796415346081;0.68442019896822  0.3989553397425928  -0.6102488247716445  -2.0222777781864556  -0.021440725213536613  0.847654765445307  0.5301147931535021  0.3615091025656047  0.7287724518302123  -0.3497370948423049  0.5887059350343306  -1.0756971227123535  0.0  0.0  0.0  1.0;ok
39885980092448;6.198581447326856;8.630517563535925;-0.7981725289665366  -0.5732446941180184  0.18523265011520545  13.123824173261275  0.4424794208593002  -0.7665097373646343  -0.46548338814744045  9.147857820986536  0.4088185124467586  -0.28957441736234546  0.8654559958138125  -2.564324941355259  0.0  0.0  0.0  1.0;ok
39885980092479;13.852347125351322;3.8990788404866144;0.9581314615047684  0.127620135527105  0.2563146571750822  -1.1096009375217641  -0.10718299532512006  0.9899513558979907  -0.09223946264406307  -4.144880091380993  -0.26551065513058375  0.06090495844981417  0.9621822478347609  -12.969189525756057  0.0  0.0  0.0  1.0;ok
39885980092510;11.087356919905194;1.2109719905440122;0.05632532751329725  -0.9922827795962705  0.11046421500749289  7.205833751982852  -0.8704316782191732  0.005391339800687774  0.49225971499575893  10.236950084547528  -0.4890563883981812  -0.12387824172087475  -0.8634106961319581  7.47479307742512  0.0  0.0  0.0  1.0;ok
39885980092541;8.13198811043238;0.10528732849771605;-0.6234652852324333  0.7633401609477003  0.1691237322033153  6.714138784946401  0.40792626307099095  0.5021241191235223  -0.762540184443653  2.78297153019215  -0.6669986521777802  -0.4064273215210384  -0.6244434564588359  -1.6201676438457717  0.0  0.0  0.0  1.0;ok
39885980092572;12.857597382515118;5.964315902468571;-0.1270590660741793  -0.13177078473113815  0.9831034808298135  4.832582143047449  0.8995952975736425  0.40220449582221435  0.17017592110456262  -6.009118482505952  -0.4178328545145121  0.9060176619866407  0.06743665069171408  -1.677260581047672  0.0  0.0  0.0  1.0;ok
39885980092603;4.595426400726901;0.31393528586742236;0.6262593709897408  -0.1346186854204115  -0.7679042972813838  4.081012089695275  -0.650601197585337  0.4524639286487944  -0.6099134979423103  5.333523897137729  0.42955474848738506  0.881563499021698  0.1957766973992569  -2.8507688002582046  0.0  0.0  0.0  1.0;ok
39885980092634;14.955394496186754;1.4101587695930031;-0.3735817559920938  0.8486256635258864  0.374527909233896  13.88925916598448  0.2978965714789892  0.4921347100562003  -0.8179615271264064  -6.850430371222095  -0.8784613277150715  -0.19400492355388543  -0.43665522480089924  2.853856072784407  0.0  0.0  0.0  1.0;ok
39885980092665;13.790322686089336;0.22804479663307153;-0.3551633906425742  0.6767068830562425  0.6449238407529808  -6.984986459260791  0.7829101900009338  0.5923027894959542  -0.19033927589442146  -5.983051711550379  -0.5107940880041308  0.43731590410093346  -0.7401649813929397  6.3675394453231275  0.0  0.0  0.0  1.0;ok
39885980092696;10.060575966549875;0.9596816902747961;-0.35107151444358026  0.9086584317689571  -0.22602797641325198  2.647713875012265  0.7125473220434977  0.10265119317049902  -0.6940742369439383  -5.759086622860099  -0.6074743662039829  -0.4047253228003545  -0.6835000420550231  -4.598757703028187  0.0  0.0  0.0  1.0;ok
39885980092727;5.0885328238275855;1.0770431911056453;0.19303773254027398  0.8571054814327255  0.47760509577859894  2.428901918424206  0.9617704413327359  -0.06892070164160066  -0.2650425533076915  -0.38835424118420603  -0.19425254694428284  0.5105096772669487  -0.8376430131162398  3.8270515210981673  0.0  0.0  0.0  1.0;ok
39885980092758;7.042514947121556;0.05141390327953951;0.6823596072380644  0.7081484220451998  -0.18141438411771102  0.8194536660488706  -0.5247450778919687  0.6472735736498987  0.5528829207731429  -0.08949327789809812  0.5089479046406089  -0.2820686675428238  0.8132707403765056  -7.12550493319181  0.0  0.0  0.0  1.0;ok
39885980092789;9.837958892178126;1.6287805199232037;0.132373686383183  0.8815828483574955  0.4530881687212883  -6.059664552041182  -0.4068216299062844  0.4651571705653488  -0.7862092393962518  -0.25445306871082374  -0.9038657912509576  -0.08025265200304789  0.4202215406815273  4.864819376188318  0.0  0.0  0.0  1.0;ok
39885980092820;8.268718839568454;2.3437912757863715;-0.11648867964929517  0.5967142723293096  0.7939536917932104  2.0003858508013885  -0.9924620433106567  -0.10057874080046415  -0.07002149303341516  3.463822445024766  0.038072038311594565  -0.7961256145216626  0.6039325507052132  7.59782091569717  0.0  0.0  0.0  1.0;ok
39885980092851;6.8936455006206945;0.7647188203416101;-0.9061513327686693  0.15938177602162748  -0.3917744396891608  7.722401230090577  -0.4228337143382892  -0.36342297481667724  0.8301417899336742  -1.2741274639789246  -0.010070359499570539  0.9178895308519361  0.3967082013419448  0.9981868119341896  0.0  0.0  0.0  1.0;ok
39885980092882;8.701798953500287;0.5814255565152974;-0.01130384631177881  -0.5220313180261239  -0.852851409132016  -0.22188078565314484  0.6941836996880671  -0.6179802503351229  0.36906557856718053  3.068780629148105  -0.7197091177315654  -0.5878636858963532  0.3693711854739159  7.509195236789893  0.0  0.0  0.0  1.0;ok
39885980092913;12.068994851548805;1.637453887309455;-0.7763455237733815  0.24323127059528205  0.5814861793040642  8.434406791294927  -0.1985617138686799  0.7811944626940119  -0.5918686148477101  -6.311600841709086  -0.5982147386203109  -0.5749554421525367  -0.5581804063531927  -2.9844206938153097  0.0  0.0  0.0  1.0;ok
39885980092944;3.372320270673433;2.5364132729920845;-0.2596469361957859  0.9657007097385935  -0.0023680655642047896  5.121439443292728  -0.962033256578871  -0.258445725030281  0.08773722385524631  3.1895339822251327  0.08411588292584493  0.025058859190862634  0.9961408393473574  -1.2004678476515467  0.0  0.0  0.0  1.0;ok
39885980092975;6.497637263498034;0.053441998214546704;-0.9356302518152803  0.3521749614618437  0.023850123845060026  7.094215441082761  -0.3455906687300032  -0.9277004115615113  0.1412056517117922  6.851956783118655  0.07185486465665017  0.12387389921993675  0.9896929501199973  -3.3739486539504795  0.0  0.0  0.0  1.0;ok
39885980093006;15.880192191604793;1.2093946430397031;-0.01105457617754061  -0.9891132873960443  -0.1467402502455466  16.735566685219403  -0.9563557902309653  -0.03239444576334893  0.29040351646526147  0.06070513515647177  -0.2919955459202056  0.14354617577726017  -0.9455861127271732  0.6047682859958752  0.0  0.0  0.0  1.0;ok
39885980093037;17.265572118183027;1.6217722480732524;-0.8734444551386277  0.01395714540128963  0.48672372233109257  -5.396302983839132  -0.48467193912987977  -0.12094322746462059  -0.8662943190108794  12.723395464435658  0.04677494209157002  -0.9925612997808699  0.11240182814190307  -1.4168858691430535  0.0  0.0  0.0  1.0;ok
39885980093068;7.330304072587055;0.2173612155122257;-0.25338871040103167  0.21203017192319662  0.9438418128243324  -0.7951586658120382  -0.8884264901568952  0.3350283832255377  -0.31377436801112796  7.587803095171663  -0.38274342976568887  -0.9180409514980812  0.10348081147582688  0.9566659229421961  0.0  0.0  0.0  1.0;ok
39885980093099;11.7148593534829;0.9239091491956382;-0.28093906767130417  0.21337272689090603  -0.9357057869197535  4.655140070448126  -0.4830770570136587  0.8110176943535659  0.3299800849027875  8.151356795582302  0.829282700436346  0.5447222951785323  -0.1247710859631836  9.499737317509569  0.0  0.0  0.0  1.0;ok
