# registration_from_features.py FastGlobal FastGlobal_config.json euclidean True --input_txt=/neural_comparison/point_clouds_registration_benchmark//tum/pioneer_slam3_global.txt --input_pcd_dir=/neural_comparison/point_clouds_registration_benchmark//tum/pioneer_slam3/ --input_features_dir=/neural_comparison/experiments/FPFH/features_voxelgrid_0.2//tum/pioneer_slam3/ --output_dir=/root/neural_registration_comparison/results/FPFH/FastGlobal_voxelgrid_0.2/
id;initial_error;final_error;transformation
39885980090030;15.205318337116758;0.23524562041063596;0.5839438103998174  -0.6608767040256145  0.4714356884793327  14.284873993060025  -0.8085397253736342  -0.5254269972435213  0.264933922064327  11.364388942852939  0.07261638099267581  -0.5358810060488213  -0.8411649116360186  -0.08769483107764678  0.0  0.0  0.0  1.0
39885980090061;13.318166755923231;0.1336083137280086;0.7680209469958128  -0.5129652311528651  -0.3834194786443987  3.2982640418169646  0.6404216032452437  0.6170323592457985  0.4573086897713138  10.115893959169501  0.001998767731992091  -0.5967727702164801  0.8024077926190039  0.9548153762379565  -0.0  -0.0  -0.0  1.0
39885980090092;16.131758473986306;0.2572951469539128;-0.5164638307497669  -0.8381436248051531  0.17544336899910293  8.27358099794764  0.15794159524127047  0.1081298508870489  0.9815102586523421  12.09908646431953  -0.8416172312993108  0.5346243536780053  0.0765325841355003  8.40956813748513  0.0  0.0  0.0  1.0
39885980090123;12.985542941208589;0.1061373412265377;0.5001656788248752  -0.6742200109724005  0.5433798584140108  8.247113423014833  -0.34646624652949554  -0.7309085596971462  -0.587991341243394  -3.6879821293140953  0.7935965182266207  0.10583030835171992  -0.5991698524565179  -9.086160273636283  -0.0  0.0  0.0  1.0
39885980090154;12.128119033469892;0.4404090016357934;-0.6754950006318627  -0.6895314461571126  -0.26125253851750696  11.042457427031998  -0.7373614249965016  0.6306384319051085  0.24206052369478778  1.2584979238113045  -0.0021524517389049378  0.35614821769138144  -0.9344269976765247  10.369548011967998  0.0  0.0  0.0  1.0
39885980090185;6.628057703543316;0.2348875004501322;-0.7440634727141204  -0.6650532356704983  -0.06382587482206895  7.675615632006467  -0.14032169221407362  0.06215821421576798  0.9881529128124278  2.794563290207924  -0.6532069896034355  0.7442046426418647  -0.13957105216882232  5.803027752761648  0.0  0.0  0.0  1.0
39885980090216;5.823010286342225;0.1797125088146671;-0.27034158221175814  -0.49174844307012944  0.8277070119706287  7.962859050371987  -0.9574074692031986  0.22787976922311348  -0.17731821308807383  2.7844277012740144  -0.10142172765818204  -0.8403893618537337  -0.532409009730212  -1.0302980489066693  0.0  0.0  -0.0  1.0
39885980090247;5.3740242030998315;0.23802828875027346;0.7544649314850816  -0.5219887008180926  -0.39788247432809914  -3.782034242592281  0.5973397070244475  0.2948896085046723  0.7458051978954738  -1.4840348696941252  -0.2719704792273558  -0.8003548681767372  0.5342884458928916  2.112382406212703  -0.0  0.0  -0.0  1.0
39885980090278;4.39500473301532;0.22902741542256894;-0.3012939876163182  -0.09012202290314889  0.9492628476950428  3.00232920274556  -0.9186115758546671  0.29437843103115047  -0.26361735915801066  4.8107319360356025  -0.2556847780609229  -0.9514301657670323  -0.1714815848318826  5.083786133849774  0.0  0.0  0.0  1.0
39885980090309;6.062761454151005;0.03412060549589808;0.7982393445644455  -0.1606154167605645  -0.5805313399706804  5.541100779413366  0.2537803991170242  -0.7843938011738292  0.5659698522925726  -0.41968465659804427  -0.5462686681600253  -0.5991068790949594  -0.5853729491595681  5.812007167040411  0.0  0.0  0.0  1.0
39885980090340;10.653667033347874;0.09408261887652809;-0.18495733617335988  0.8079959615286676  0.5594044243202037  8.594939936598694  -0.8701571435346064  -0.39920285101692343  0.28890072567519764  4.148417008321494  0.4567464606883675  -0.4333354473076532  0.7769189537881839  5.3698797944563355  0.0  0.0  -0.0  1.0
39885980090371;7.825764243118106;0.11370851698363028;0.013157045307472297  -0.6738599496441713  0.7387419444057118  7.370018429072701  -0.9945136486159003  0.06785819756872744  0.07961072628366532  6.3458338718829275  -0.10377617682043505  -0.735736388449205  -0.6692701037968564  -2.851399518376822  0.0  0.0  0.0  1.0
39885980090402;6.3535513934385985;0.07791998521213603;-0.41092545775916917  0.8442879891334574  -0.3439739228057851  -1.1046186077721052  -0.757068759990229  -0.10581158178422942  0.6447098586241535  2.1920192453690626  0.5079243652476945  0.5253396049845296  0.682664733688818  1.709723173905253  0.0  -0.0  -0.0  1.0
39885980090433;6.8874917645610045;0.08669458432283479;0.0507140348948598  -0.9877746559301233  -0.1474086692389914  8.097478846597237  0.8309906557327329  0.12360554185351337  -0.5423801251041401  -4.9745389245549765  0.5539698698932696  -0.09498894212078877  0.8271000448103053  2.628039291156014  -0.0  0.0  -0.0  1.0
39885980090464;6.2677651862134764;0.4919582369705069;0.6175482937213503  0.7614402741171153  0.19708580333017542  -2.0217689040767466  0.7856839104805475  -0.6088411352374768  -0.109605040279799  -6.643868882781549  0.0365362523234663  0.22253355026870197  -0.974240176378989  -1.6509148884487015  0.0  0.0  0.0  1.0
39885980090495;9.69087354585672;0.08623953619470501;0.49622492990603106  -0.8681921306689918  0.0018008842804096636  3.3722313076678136  -0.5648985579890563  -0.32444785589443254  -0.7586983642972943  10.795220126325331  0.6592802424778389  0.3754677257101368  -0.6514395972217366  0.03359422816457961  0.0  0.0  0.0  1.0
39885980090526;2.92110847772627;2.379597536422343;1.0  0.0  0.0  1.8035358848693932  0.0  1.0  0.0  -0.09800206707084236  0.0  0.0  1.0  3.4332354289237346  0.0  0.0  0.0  1.0
39885980090557;4.738076726601074;0.2705612460717776;-0.39261448517884684  0.085659202188732  0.9157053931850244  2.990628771562642  0.8167597743235798  0.49018634305965597  0.30433668875884  -5.2407285531291485  -0.4227970400495282  0.8673983226627734  -0.2624172493704752  4.402415123601804  -0.0  -0.0  -0.0  1.0
39885980090588;14.769319861057435;0.25340495457258716;-0.09677156100500549  -0.7199502510943318  -0.6872458809842819  -6.175582735536664  0.7648236826702082  -0.49565510052367784  0.4115467844020214  6.815951048097355  -0.6369301369910492  -0.485795900841156  0.598600320179078  -0.20869413940477918  0.0  0.0  0.0  1.0
39885980090619;2.836952107880147;0.1847197775670966;-0.15868333252801706  0.9790459581533589  -0.12762684592738693  2.4294539694920134  -0.9773143122270491  -0.17412081675821914  -0.12057643338406071  4.248757830934445  -0.14027236040636443  0.10559807287550636  0.9844656986970174  -1.7804858078321  -0.0  -0.0  -0.0  1.0
39885980090650;12.55893498698289;0.09871580639034629;0.26425752619410475  -0.9211258693845538  0.2858235340211211  -5.725760851837103  0.9142778394108977  0.14491321315482986  -0.3782805744619791  -6.982181321476636  0.3070244163123097  0.36128561195222464  0.8804593769075288  -1.7832744717866977  -0.0  0.0  -0.0  1.0
39885980090681;13.661467239296929;0.16496403492262235;0.7240156325632875  -0.36790148545402984  -0.5834808144272614  5.754951193703095  0.22990538254809256  0.9262294335572485  -0.29873491842707955  5.018136897543758  0.6503421244847954  0.08214337108335225  0.7551871209890081  -11.733559069845253  -0.0  0.0  -0.0  1.0
39885980090712;11.512393687205597;0.1517238045155417;0.8609652823980538  -0.49664118508122784  -0.10993778143274914  8.286872710142157  -0.009995421568685771  -0.23260723948630344  0.9725193898767401  0.7112070757363964  -0.5085655061571766  -0.8362065566710633  -0.20523089564541586  8.846709225603693  -0.0  0.0  -0.0  1.0
39885980090743;17.098275178250592;0.09738057054100097;0.0026748809954888915  -0.9345059589166442  -0.3559374351777905  6.653308036639836  -0.03955422092926652  0.3555612839446349  -0.9338156332843885  -12.861862551090743  0.9992138452895549  0.01657667363878164  -0.03601257103754968  -6.100560279248923  0.0  0.0  0.0  1.0
39885980090774;10.611953381784044;0.1791979282290807;-0.6623735392081413  0.7491594598625925  -0.004625824820393898  5.686764134207439  -0.3279843413810994  -0.295529539569536  -0.8972672751475034  -5.883723954875696  -0.6735633350811854  -0.5928089025480352  0.4414635190976793  4.2272260288292625  0.0  -0.0  -0.0  1.0
39885980090805;5.343071835957388;0.33263988369605313;0.3968250915655652  -0.5695681460622161  -0.7198069002831455  -0.5942127666573154  0.6295876008501001  0.7395458809931567  -0.23809943881049192  -6.379311852902394  0.667944084156598  -0.3586976678169289  0.6520634045419971  0.6133142369949285  -0.0  0.0  -0.0  1.0
39885980090836;5.261479947974986;1.2678072151683226;1.0  -0.0  -0.0  -4.076822189691328  -0.0  1.0  0.0  1.1554630898358549  -0.0  -0.0  1.0  -2.1966677025031838  -0.0  0.0  -0.0  1.0
39885980090867;12.813048896623984;0.07459840892879836;0.7660512891616552  -0.3880735154586235  0.5124103521332785  -5.456533209668155  0.5859336518716578  0.7493652126748177  -0.3084372442445428  2.8133698471532043  -0.26428616683078343  0.536517217461295  0.8014375193297866  -7.521784916046657  -0.0  -0.0  -0.0  1.0
39885980090898;9.513150698671726;0.04973322064176249;-0.6212766702199829  0.7619859001339091  0.182736933971995  10.472983127553572  0.6579660964581001  0.633938917096994  -0.40645056932126566  -1.5951214018140596  -0.42555365696003583  -0.1322835491926574  -0.8952123478041024  -3.283165062163452  0.0  -0.0  0.0  1.0
39885980090929;3.2910700942172166;7.988848179402716;1.0  0.0  0.0  5.057923316877094  0.0  1.0  0.0  3.0808660574372038  0.0  0.0  1.0  1.7313858791510603  0.0  0.0  0.0  1.0
39885980090960;13.148595121958836;0.1975694016674773;0.7066804839558006  -0.7069399905396713  -0.028957613364443156  0.713377034356857  0.6959396620688223  0.6871403014103391  0.20858138204844767  0.6146116258634702  -0.12755657707671358  -0.16755314366933702  0.9775762188653092  12.060035053779428  -0.0  0.0  -0.0  1.0
39885980090991;4.974292677219224;0.08269094365761757;-0.5397457910438804  0.696227647065283  0.4732246237384055  5.608727973242289  -0.47213755524036954  -0.7157641552270945  0.5145559279842093  3.711141005422951  0.6969652860667184  0.05430227945476096  0.7150459093400606  0.8835167481117683  -0.0  0.0  -0.0  1.0
39885980091022;13.287028172970416;0.30883702576758565;-0.5531726141877962  -0.6664073175586456  0.49990133628240163  15.925924182737038  0.6000971222960763  -0.7349783612008807  -0.3157376321860232  -2.774049664018081  0.5778265334203752  0.1253319419412251  0.8064790149809434  -0.4811032317108985  -0.0  0.0  -0.0  1.0
39885980091053;15.533441302838277;0.15577152253133056;-0.4899407176070189  0.8573991178356737  0.15755902375087208  -9.944528760709533  -0.8693566972435784  -0.49394541323222835  -0.01539031203652693  1.6262490750440992  0.06462991713175692  -0.1445153330323523  0.9873896355188722  0.01089639096612106  0.0  0.0  -0.0  1.0
39885980091084;7.763469718260981;0.03346880814588174;-0.5886544977808045  -0.0339146025323393  -0.8076730043634633  -1.023670336080195  -0.8058205415278774  0.10413375680223358  0.5829317417553886  5.211397032558839  0.06433612588699576  0.9939848894371218  -0.08862788769075933  2.0981055888361833  0.0  -0.0  0.0  1.0
39885980091115;3.6651649034345075;0.06758361400661572;0.42779864921196475  -0.8996811508777065  0.08696058007961421  2.7044370426932165  0.9006577007265659  0.43240801591097805  0.042883725326364135  -2.292820568588134  -0.0761841312502405  0.05997611634055809  0.9952883218516884  -2.9184674601725136  -0.0  -0.0  -0.0  1.0
39885980091146;8.080612412768405;0.18153403032020643;-0.5441925957330987  -0.7944580401961964  0.2696123905106948  3.5719694340239876  0.6954342242827957  -0.24740699842409253  0.6746562212171225  5.583908165547737  -0.4692820670401314  0.5546406039034647  0.6871303675840126  -2.374622836340305  -0.0  -0.0  -0.0  1.0
39885980091177;3.8726541071914253;0.34533110397418326;-0.4936107743530338  -0.8695833855938088  -0.013158227152896622  6.682880644921413  0.8669290841360336  -0.4907883489518163  -0.08695262855261042  2.054583243076048  0.0691546565435568  -0.05432800412640022  0.9961255450223049  -1.6550690449272112  -0.0  0.0  -0.0  1.0
39885980091208;5.2059592602279805;0.1650113971365481;0.20378378773876551  0.9673930556579096  0.1504089216758597  1.7766924074144104  -0.9679472044103985  0.17605108418628773  0.17912070017428394  1.3054307880126086  0.14680046774085925  -0.18208978999846642  0.9722617605611042  -3.905568803531875  0.0  0.0  0.0  1.0
39885980091239;9.534104921615693;1.4822998174913664;-0.4197654461144358  -0.019054559909358365  0.9074325837190378  11.979714263985148  0.391247485522172  0.8983239111659538  0.19984883212088445  1.517426673534898  -0.8189764192703767  0.4389203508316333  -0.3696302886735732  -0.5579859517380359  -0.0  -0.0  -0.0  1.0
39885980091270;6.793393155968177;0.05212778619524618;-0.2629093493690503  -0.9555929068465439  0.13311975961109468  5.055306420796543  0.6636238891804118  -0.2792573824976853  -0.6939874984678088  5.454672603630946  0.7003442066037301  -0.09411434909255056  0.7075736580536884  -3.7119007231689984  -0.0  0.0  -0.0  1.0
39885980091301;9.237550092631151;0.3121518847382952;0.08452104007755655  0.00779284568258664  0.9963912210273514  -3.0134267899534253  0.7168321470037511  0.6940926068761821  -0.06623538406184307  3.040179999208959  -0.6921039421981374  0.719843541775568  0.053079266741400004  -2.007222203379954  -0.0  -0.0  -0.0  1.0
39885980091332;14.314334062580222;0.13734332871128882;0.4224431146598056  0.19721370044508107  0.8846742740880846  8.584102721344067  0.8634588787634653  0.20926578060307274  -0.45896252325557585  7.741644754015648  -0.27564575012334375  0.9577654146111901  -0.08188303251342605  -3.8234331587012744  -0.0  -0.0  0.0  1.0
39885980091363;4.939595963032118;0.11061513703125112;0.3855695617858278  0.9182349627878128  0.09044703498926558  3.247277819415151  -0.9224848812698484  0.38162245211392404  0.05818889817747265  0.39350604259429517  0.01891446147361825  -0.10587189030437076  0.9941998722543379  -0.6745530506313117  -0.0  0.0  -0.0  1.0
39885980091394;15.273466798993145;0.06646281019604643;0.09491474033874614  -0.914581189093883  -0.3931061442181327  0.9868871788667936  -0.8792755481071525  0.10813323430120848  -0.4638768307863917  -3.586967020672013  0.46676086229170377  0.38967736936493874  -0.793905438473327  8.816491862350043  0.0  0.0  0.0  1.0
39885980091425;8.06198539416402;0.19614406927124156;0.4274552718121937  0.8859790500597763  -0.17978629940888433  -0.2992255019452834  0.22937721781935738  -0.2986528430561927  -0.9263868367371719  -4.830383587907588  -0.8744530190612951  0.35475005594027853  -0.33088414175501774  -1.0393615743326279  -0.0  -0.0  0.0  1.0
39885980091456;10.977064992754894;0.17237179375659503;-0.7695427853147048  0.638493673361482  0.011389936235488157  -3.919410778326184  -0.6334105367492298  -0.7654416682581372  0.11353477189501332  -0.5999554231341023  0.08120956535495094  0.08015535896969805  0.9934687337421844  -3.616191510472585  0.0  0.0  0.0  1.0
39885980091487;2.767744523025431;0.030203538762567296;0.897279277988667  -0.3767989370744438  0.23002708169193287  0.3193879846297682  -0.3956731421254053  -0.4553252375384859  0.7975723745599078  1.0115444473492519  -0.19578728736244935  -0.8066607025758047  -0.5576431197703089  2.8090890581649544  0.0  0.0  -0.0  1.0
39885980091518;6.6339837111177165;0.3447897817814604;-0.888013511197957  -0.45977286232565273  -0.0063967959754926895  10.548314195532855  0.4582607117221212  -0.8837778836679492  -0.09451863536539497  3.2574598377002286  0.03780375671558586  -0.08686522554093432  0.9955025407149461  -1.9991727437942841  -0.0  0.0  -0.0  1.0
39885980091549;8.72791924372333;0.23086313988315063;0.499225964380148  0.4030545514751691  0.76702051147532  -4.892102798978226  0.34213789202283856  -0.9049859992363729  0.2528675622303413  5.994267751460798  0.7960622458896565  0.13618872831954484  -0.5896927428312334  -0.004981426629951281  -0.0  0.0  0.0  1.0
39885980091580;11.404884011730314;0.09914135506463925;0.008593164725568207  -0.969908942864891  0.24331625525374986  12.781958281431464  0.9562255434044441  0.07914668307612378  0.28172417840669073  -4.8887351518214315  -0.29250447459975104  0.23024431612692706  0.928131826428966  1.673472030611908  -0.0  -0.0  -0.0  1.0
39885980091611;5.185738995238877;0.0635500322621385;0.9720732163731353  -0.003323671847681272  0.2346542461057059  -1.2013512810205915  0.1711132443557346  0.6943328540407118  -0.6990151253054073  3.614118245046989  -0.16060485551826548  0.7196463305020925  0.675511094933924  -3.1906575179567644  -0.0  -0.0  -0.0  1.0
39885980091642;11.452810801369598;0.046655057463661845;-0.9867789072035857  -0.06394004379471095  0.14892635461068174  6.757544859507398  0.06137438165886461  -0.9978774821137258  -0.021765017031073856  1.0097767441990058  0.15000191190144255  -0.012336996794250902  0.9886087319743894  8.840567621807523  0.0  0.0  0.0  1.0
39885980091673;6.84357315400721;0.023975805781639426;-0.6576077287175288  0.5184227512732525  -0.5466168000466537  4.377354495783226  -0.7412125318390337  -0.5750077726458251  0.34636692111351625  2.3114306296301623  -0.13474441649189997  0.632932786604673  0.7623909953987523  5.380139945144498  0.0  0.0  -0.0  1.0
39885980091704;11.97004270038415;0.11933611149177947;0.08549809998422254  -0.04678451316755915  -0.9952393100288813  4.051819513718147  0.9961142025057267  0.02520026590981774  0.08438863765019267  -0.44932041637411246  0.021132213927293305  -0.9985870797911153  0.04875729287790842  -10.234301917898255  0.0  0.0  0.0  1.0
39885980091735;9.206758517908435;0.06557120627500782;-0.6618544146235129  0.1972669406286826  -0.7232112333048808  7.787285035273749  0.7370102972677124  0.34752946440934435  -0.5796887898594493  -5.389570201080541  0.13698377847294965  -0.9166837107216179  -0.37540167678490655  6.595820194073907  0.0  0.0  0.0  1.0
39885980091766;2.598811728309922;0.2658588557664868;0.8349443784493716  0.1023573789064499  -0.5407317744309039  -0.6055145942752028  0.2107527022207247  -0.9671188095155876  0.14235345723871995  3.538405340664388  -0.5083809431936404  -0.2328179015122221  -0.829062507494453  0.8488228968132466  -0.0  0.0  0.0  1.0
39885980091797;12.542227557622743;0.16608118102053987;0.7703454983796724  0.34217914011394596  -0.5380346170991739  -1.818269126681684  0.6159226971408768  -0.6176123187535412  0.48907489699490914  11.223023471246462  -0.16494557973125953  -0.7081443777894124  -0.6865307683799495  3.154414228228528  -0.0  0.0  0.0  1.0
39885980091828;9.47715700246654;0.10888463011020413;0.5359471946519762  -0.8418166349364218  0.06407306523801835  -2.321429489449985  0.8438789385407874  0.5319112298974371  -0.07027645833612868  0.5307932829878659  0.025078708737716424  0.09173438097743823  0.9954676598035398  6.04687210721511  0.0  0.0  0.0  1.0
39885980091859;14.228056617716064;0.06869777912566902;0.2532357580480635  -0.1533388661797767  -0.9551747709003431  12.246693272294902  -0.9070773426156312  -0.3808493378319226  -0.1793445744547408  2.7120803334746135  -0.3362771853087695  0.9118338521856298  -0.23553488202201556  6.497087983498918  -0.0  -0.0  0.0  1.0
39885980091890;12.934736653014653;0.17073441430334177;0.5313957177174385  -0.06026899895599627  -0.8449770641599749  6.428854710496139  -0.7875522048293249  -0.4025877218183656  -0.46656687721008117  12.395971789894098  -0.31205787261345813  0.9133951904876336  -0.26139837439054975  -5.254834193534215  -0.0  -0.0  0.0  1.0
39885980091921;11.389616762246979;0.2187917536755544;0.6034766250528291  0.060569200407083065  0.7950769365142554  4.7659347860220835  0.58360856394957  0.645885009659047  -0.4921723259006487  0.17210201821888285  -0.5433387590624917  0.7610282033274329  0.3544278017321036  9.238789375158312  -0.0  -0.0  -0.0  1.0
39885980091952;7.751231368250753;0.43178925009065194;0.6082522106878119  -0.4578545149528367  0.6483814396870806  -2.2789028062554735  0.29916557565211077  0.8888626133094578  0.3470204792305809  -3.2685582469138055  -0.7352069140984255  -0.01710256699981653  0.6776269590740073  -2.8594558366089027  0.0  -0.0  -0.0  1.0
39885980091983;14.851121124669065;0.135040411165281;-0.7536872432537739  0.27373459038617387  0.5975156176893128  4.838508962154162  -0.531088575637171  0.28190628926897227  -0.7990455361856921  1.5153353323848706  -0.38716981311074244  -0.9195641457216093  -0.06709186030421542  14.90299529446248  0.0  0.0  -0.0  1.0
39885980092014;8.09691717384987;0.08360598685387167;0.09273823688597144  -0.23047855184418486  -0.9686481593226155  6.841091852176722  -0.9453406623327621  -0.3258259415426379  -0.012980291141145003  4.369781861306085  -0.3126190198301067  0.9169062618161473  -0.24809727020425304  5.129154149937094  0.0  0.0  0.0  1.0
39885980092045;7.770476372289854;0.10678166458745444;-0.8227345899624139  -0.46981022321183274  -0.3199783565259147  1.1861244146555732  0.5200194428733124  -0.8494062088194331  -0.08993815348743152  4.573523975800716  -0.22953773875575967  -0.24039019652358304  0.9431463194553888  -3.2169946806532352  0.0  0.0  -0.0  1.0
39885980092076;16.718631862778135;0.19562924993830355;-0.49785512501930407  -0.4139264434058216  -0.7621057498414654  -1.2445752753003902  0.5868820830636075  0.48618449471056074  -0.6474519732628513  -13.493226112166406  0.6385214914714576  -0.769603493074482  0.0008765709445463803  2.2915217765271634  -0.0  0.0  -0.0  1.0
39885980092107;10.262899426928634;0.09727345427136233;0.6580111860420136  -0.6502699302057315  -0.37969763880463653  -3.823775446788599  0.2270687465924836  0.6521193502595227  -0.7233119225742212  -6.8296475123321745  0.7179561709216673  0.3897298691238977  0.5767578051038134  -3.666799304125286  -0.0  0.0  -0.0  1.0
39885980092138;15.257229419744425;0.060919972148272786;-0.1337161146659315  0.9910194340458486  0.0006942781103164001  4.775702909954046  -0.9894690261056949  -0.13346768065790537  -0.056012718174041645  9.605632840928214  -0.055417028575092855  -0.008176769731771925  0.9984298139482117  -10.749444231710198  0.0  0.0  0.0  1.0
39885980092169;15.992191385092843;7.381115457393451;1.0  0.0  0.0  -1.8769104166789905  0.0  1.0  0.0  -11.250560534603004  0.0  0.0  1.0  5.371969292687497  0.0  0.0  0.0  1.0
39885980092200;6.917432320039796;0.08119574434193405;0.3780128613077411  0.9000209902729098  -0.21695274544034776  -0.7912914479561072  -0.9257986202427602  0.3670340349682194  -0.09045955964711161  -3.445444231109997  -0.0017864608968412288  0.23504942936139586  0.9719817767398449  -2.4132651403339613  -0.0  -0.0  -0.0  1.0
39885980092231;11.63978213050849;0.03678571088446372;-0.8883100762698085  -0.19643244791312303  0.4151138419811922  1.1480133223073412  0.10513070569690457  -0.9668834795257704  -0.23255939400465242  2.6755722202264027  0.4470489269836119  -0.16294364187349705  0.8795434193124314  -9.999424480692818  -0.0  0.0  -0.0  1.0
39885980092262;5.191873642222159;0.12161579515220022;-0.42618034608209676  -0.6871952907275177  0.5883306425941682  7.785198207312405  -0.22358866145743528  0.710187501903796  0.6675640962539242  1.5022267226260535  -0.8765719725618746  0.15295863670145657  -0.456317030558159  4.7649309393106165  0.0  0.0  0.0  1.0
39885980092293;17.8683780302977;0.14110858900869128;-0.2689240410375772  -0.8202258763903955  -0.5048855037051753  10.518856584703911  0.8365302981221991  0.06090943765471392  -0.5445246557578196  10.304974384071311  0.47738550509583516  -0.5687877918030555  0.6697637847929664  -8.26119069508713  -0.0  0.0  -0.0  1.0
39885980092324;2.5378082800465176;0.1279646814714835;0.9266438554885706  0.2532835816399944  -0.2778103532212109  -0.274167483033831  0.02518899475304927  0.695483409560888  0.7181005093779653  -1.1363021636378763  0.3750955606623577  -0.6724211881679354  0.6380854692548746  -1.6020358199731517  0.0  0.0  0.0  1.0
39885980092355;4.721106299632293;0.09193525643352693;0.5207687878011413  0.8444242410774225  -0.12548932517529082  -0.80489104017858  -0.8533317135658564  0.5191950885762081  -0.04755466981383493  -0.34738020715816137  0.02499712533251891  0.13184900863928803  0.9909545815252825  1.9752978290642453  0.0  0.0  0.0  1.0
39885980092386;4.150156398285817;0.06730324981862001;-0.06262860738847503  -0.9979165803967125  0.015496970862437058  -0.7952950885199715  0.9552550830203452  -0.055439289739380414  0.29054123892656886  1.917274542001775  -0.2890767785561003  0.03299975337065431  0.9567369713652244  4.769888019517275  -0.0  -0.0  -0.0  1.0
39885980092417;6.211588953303198;0.020787441736254807;-0.9329930001912877  -0.10993216667659894  0.34269371211600913  0.04546343834345565  -0.19912370696682766  -0.6355012581046068  -0.7459811661639001  4.207855356349237  0.2997896110905952  -0.7642336486162142  0.5710281248808141  0.41053819998612756  -0.0  0.0  -0.0  1.0
39885980092448;6.198581447326856;0.150891997835069;0.521474222579529  0.5427686238424941  -0.6583819986582278  2.954567186430441  -0.6760036284409923  0.7336260336766696  0.06936812702136885  0.7197953279290674  0.5206570171616715  0.40889492988292886  0.7494806246970924  -7.544456496087392  0.0  0.0  0.0  1.0
39885980092479;13.852347125351322;0.130187137018722;-0.9579012180486547  -0.26946067994780376  -0.09907672997717655  5.44212223164752  0.24054677480740666  -0.9416637236471808  0.23538623727117475  -2.7526718567004473  -0.15672429802254012  0.201644175539474  0.9668387253727214  -13.482038326803226  0.0  0.0  -0.0  1.0
39885980092510;11.087356919905194;0.11951088866596082;0.5317723797179648  -0.7885250521248877  -0.308943972817945  1.153231971008448  0.7962403057524575  0.5897782967875597  -0.1347699377962284  -10.476901399722783  0.28847792231698866  -0.17432671284059686  0.9414832369861217  -3.7905425741722887  -0.0  0.0  -0.0  1.0
39885980092541;8.13198811043238;0.12493216842167972;-0.6771169890669194  0.7167302150229874  0.16676445061838707  6.528849573452108  0.4388468225629013  0.575212007992818  -0.6903221075608948  3.393317741674113  -0.5906996270892634  -0.3942447776876362  -0.7040206004248961  -1.8328063477105214  0.0  -0.0  0.0  1.0
39885980092572;12.857597382515118;0.06694049718485494;0.3747224360741018  0.0037215492686569467  -0.9271295734543963  -7.316002578685839  -0.6254625597321116  -0.7371471213029872  -0.25575517185009916  10.162298130998257  -0.6843827016195283  0.6757220372503483  -0.2738978753079232  0.2448999783636675  -0.0  -0.0  0.0  1.0
39885980092603;4.595426400726901;0.3602332800938294;0.6536295850723881  -0.17389359483396535  -0.7365659394744093  3.7691044455574696  -0.5657915212316897  0.534106834094132  -0.6281797865868285  4.635993908358227  0.5026413433258643  0.8273396566402853  0.2507205067997183  -3.173973168453954  -0.0  0.0  -0.0  1.0
39885980092634;14.955394496186754;0.33879058084025604;-0.3299424335885804  0.9427715430982887  0.04816438561547272  11.189084942095253  -0.09894484510850303  -0.08527815694749294  0.991432072092735  10.589991957879688  0.9388013145197982  0.3223498929295762  0.12141926693976918  -5.407011230186941  -0.0  0.0  -0.0  1.0
39885980092665;13.790322686089336;0.10835203717599033;-0.41281259536890247  0.6599402240899827  0.6277456982989646  -6.518405576240079  0.8004611636922547  0.5917024634894452  -0.0956562602288194  -6.8395002327255625  -0.4345660899394159  0.4629979431148541  -0.7725187493816452  6.1045504665210455  -0.0  -0.0  -0.0  1.0
39885980092696;10.060575966549875;0.06368610027483203;-0.41914753183254727  0.8829645177614374  -0.21139774580869014  3.674404725123586  0.8486612786814817  0.29828399470778033  -0.4368073861187341  -3.4909688131265164  -0.32262885894692594  -0.36249181904627986  -0.8743627968407187  -6.681048455463749  0.0  -0.0  0.0  1.0
39885980092727;5.0885328238275855;0.07145926104581311;0.29172612083009225  0.8892240624187636  0.3523867722274721  2.5826575108006624  -0.9197494603222892  0.15964292318104864  0.35857365674999825  2.442624099733442  0.26259626932285696  -0.42871284549646893  0.8644353622128362  -3.8952508632864267  -0.0  0.0  -0.0  1.0
39885980092758;7.042514947121556;0.1171972747920421;0.7611239134105892  0.6357674702299481  -0.12841383193394623  0.060602366112733244  -0.4983686876563275  0.6999584961469132  0.5115532766344687  0.32040059784531244  0.4151132852586845  -0.32535799893219586  0.8496017496054133  -7.36565177607527  -0.0  -0.0  -0.0  1.0
39885980092789;9.837958892178126;0.610571019726735;-0.38640652820487276  0.48489240850071985  -0.7845822755702736  1.5714141177136287  -0.23603091630402817  -0.8743141725301705  -0.42410391917732054  11.313871987629607  -0.891616173871546  0.021309150411361603  0.45229030345499144  4.014277113643858  -0.0  -0.0  -0.0  1.0
39885980092820;8.268718839568454;0.07815710511230833;-0.3425997964622009  -0.5766809911563509  -0.7416632752826489  5.388838697193852  0.9310147413371521  -0.31414894900928675  -0.18580093985036258  0.9969849263391132  -0.12584486829814143  -0.7541548065717599  0.6445258698048787  7.83176894459761  0.0  0.0  -0.0  1.0
39885980092851;6.8936455006206945;0.18590304498220223;-0.742762439733821  0.2759218928588364  -0.6100582489909121  8.191663721747187  -0.6691499141650306  -0.27421405752640643  0.6906844742918701  -0.1181633788697879  0.023288419731570215  0.9212349101592388  0.3883090133003672  0.9560008408888788  0.0  0.0  0.0  1.0
39885980092882;8.701798953500287;0.09266125909770413;0.05589518481777784  -0.5787452155192935  -0.8135906242255472  -0.3967766476541538  0.8333556760291452  -0.42175586775926527  0.35726783404140505  1.8256685902882916  -0.5499036693314512  -0.6979799162756452  0.45872648815132683  7.823344543625431  -0.0  0.0  -0.0  1.0
39885980092913;12.068994851548805;0.03457651271207057;-0.2133952825629405  -0.8940652611855617  0.39383976706406376  9.871919357568112  0.9131009821483207  -0.32588235773847796  -0.24504547601329635  -1.1516877066725895  0.3474320793761782  0.3073239295206354  0.8859136259051104  7.1765022659572075  -0.0  0.0  -0.0  1.0
39885980092944;3.372320270673433;0.057547846645077054;-0.865695124764111  -0.5003599505035549  0.014555785507123243  5.661615549600191  0.500358017410111  -0.8641103948361921  0.05436064706626723  -1.3671778235489933  -0.01462208511370752  0.05434285112248103  0.9984152688930631  -0.9203775073292743  0.0  0.0  0.0  1.0
39885980092975;6.497637263498034;0.10747219479687858;-0.9449951989690158  0.3270768110034752  -0.0021985516382605234  7.257322534437861  -0.3267483097711568  -0.9436988918981374  0.05165213927729773  6.978089713653886  0.014819446251518646  0.04952939666527157  0.9986627172768452  -2.7327582887842925  0.0  0.0  0.0  1.0
39885980093006;15.880192191604793;0.21770152561468148;0.6375425589202091  -0.43843855121090325  -0.6334912172852566  10.929390383996349  0.5938076770253934  0.8035371885953888  0.041478057451201096  -9.369375353028357  0.49084817232131867  -0.4026159750386254  0.7726373330175795  3.48867856015553  -0.0  -0.0  -0.0  1.0
39885980093037;17.265572118183027;0.24369977386192868;-0.9322729514836101  -0.12061991550944953  0.3410542184382579  -2.4270485634671854  0.2576505649617902  0.44039207402797326  0.8600412824441679  -11.386987490374255  -0.25393568143706857  0.8896660368451929  -0.3794878292873946  5.137408348389557  -0.0  -0.0  -0.0  1.0
39885980093068;7.330304072587055;0.13018055205367104;-0.03738390187488348  0.12265699552116305  0.9917447783226946  -2.171461505112956  -0.9227237973577306  0.3767731110302428  -0.0813806893207675  6.598735541019509  -0.38364467632216653  -0.9181488355676948  0.09909327966792833  0.9955213864413597  0.0  0.0  0.0  1.0
39885980093099;11.7148593534829;0.07871667549850578;0.3614891898467437  0.19189501432872397  0.912415403804498  -1.6357600769524212  -0.24159410707444598  0.9644466698657017  -0.10712099893046385  12.198919708273781  -0.9005319833580856  -0.18171110164417031  0.3949977499789278  -4.996809029196874  0.0  -0.0  -0.0  1.0
