# registration_from_features.py RANSAC RANSAC_config.json euclidean --input_txt=/neural_comparison/point_clouds_registration_benchmark//eth/gazebo_winter_global.txt --input_pcd_dir=/neural_comparison/point_clouds_registration_benchmark//eth/gazebo_winter/ --input_features_dir=/neural_comparison/experiments/3DFeatNet/test//eth/gazebo_winter/ --output_dir=/root/neural_registration_comparison/results/3DFeatNet/TEASER/
id;initial_error;final_error;transformation
38591597440030;3.9584549028563556;8.018867966540347;-0.8186629516379578  -0.02254239194586527  0.5738316932522862  17.27559462611643  -0.375045341283307  0.7776948313744959  -0.5045113886079107  8.638734969896209  -0.4348930484580258  -0.6282376857676983  -0.6451243652073075  0.5463943348539573  0.0  0.0  0.0  1.0
38591597440061;2.893302858668122;10.569222528945588;0.9786716004108303  0.18844054058370363  -0.08180501949040339  -1.570973635451442  -0.1813370124995683  0.9795621182520439  0.0870341564174654  14.481035794683507  0.09653386166022307  -0.0703435793096287  0.9928408706348035  -3.5683940546168404  0.0  0.0  0.0  1.0
38591597440092;2.596560926939177;0.026441665271204683;0.1461221012186975  -0.9680102545030289  -0.20397175959532968  -0.31788350369838214  0.9520128389996076  0.19364753062147166  -0.23700672620015498  -1.6820506491615923  0.2689235689100935  -0.15955181309276387  0.9498543746403814  -5.008331180096866  0.0  0.0  0.0  1.0
38591597440123;2.5491129024057546;7.268460289591998;0.9545517192574821  0.2707956756498188  0.12450187674064904  -1.9705103178439813  -0.28083205643966547  0.9570963388294019  0.07141396414724252  -3.0784019552744697  -0.09982169773378018  -0.1031324403314167  0.9896460621923541  7.297341809427229  0.0  0.0  0.0  1.0
38591597440154;2.8903184466470044;6.2829841111672815;0.30089658410497566  0.8889844382201807  -0.3452070600035675  0.4211834135618683  -0.03936738450335159  -0.35009513563164385  -0.9358865342788226  8.247309198620329  -0.9528438774066414  0.2951949603387741  -0.0703454382264197  5.182062083013171  0.0  0.0  0.0  1.0
38591597440185;5.076548343189817;6.255697547117548;0.6603538296796652  0.7232347002521253  -0.2021494199314409  10.142768808316813  0.7152032267521936  -0.5236311462237828  0.46291982799143216  -0.2606846000408882  0.22894795057097567  -0.4502687986698449  -0.8630416240679033  2.8311233158118947  0.0  0.0  0.0  1.0
38591597440216;1.6762692747156474;5.901078828961425;0.036909120780014744  0.3621864295043773  -0.9313746330484399  2.849641590200805  -0.8010312058016713  -0.5465174649968568  -0.2442696620240217  8.204331746610945  -0.5974836601407326  0.7550759238224195  0.26995115322693697  9.00039851070926  0.0  0.0  0.0  1.0
38591597440247;4.93981129019194;3.4620815828578984;0.47574565026070886  0.7992510404677154  -0.36723813877277023  11.60442665652975  -0.7998510599857016  0.5668062659630599  0.19740551842530246  1.6240121273777728  0.36592944415250983  0.19982099783627882  0.9089374074852177  -1.1177155187889678  0.0  0.0  0.0  1.0
38591597440278;3.836455877765292;4.3847568192913045;-0.6927761196106302  -0.27368523020912366  -0.6672013510647418  -7.539677773172775  -0.6102805335946728  -0.2704220801423508  0.7446002745680971  0.6694914591842196  -0.38421207478766045  0.923021285419173  0.020317191009047886  8.041242391136167  0.0  0.0  0.0  1.0
38591597440309;3.8455601514228666;4.740166322097917;0.16943122207049938  -0.9516129515111175  -0.2563705355613175  -0.9889422498132312  -0.833660603650127  0.0003566703719801588  -0.5522769873061462  -2.172665822889835  0.5256453737163528  0.3072989803148482  -0.7932617965010363  12.876191165759229  0.0  0.0  0.0  1.0
38591597440340;3.1249643016133017;1.9621430994321458;0.9388591643754569  0.05426123079912993  -0.33999880632199564  3.7873665701122006  0.2931376259924195  -0.6439399682869941  0.7066906320803136  -2.2523618432841603  -0.18059291706970879  -0.7631494192323732  -0.6204749489137694  -1.4511047615802695  0.0  0.0  0.0  1.0
38591597440371;1.9082676334258446;6.979761679270901;0.8676850031654183  -0.3798132882909471  0.3207251180051948  -9.091162319543539  -0.38841478729002105  -0.11532531204574098  0.914239588628714  3.8504595938009114  -0.3102526201279777  -0.9178463588418113  -0.24759114132891347  9.676251179814578  0.0  0.0  0.0  1.0
38591597440402;1.653095540299216;2.37988754875269;0.9961867708117456  0.08659554142500225  0.010636252393471386  -1.8618609318419121  -0.08684747271171683  0.9725929263925808  0.21568615165258995  0.5565185353900396  0.008332715239014746  -0.2157874225631029  0.9764048105782348  4.7761465312286235  0.0  0.0  0.0  1.0
38591597440433;5.513897604577699;10.472117897333147;0.7115039907076298  0.035606069424130866  0.7017793663447798  7.271371142226645  -0.3631194218980345  0.8736601246584088  0.323824446301217  -2.1502818562026853  -0.6015865329672477  -0.48523210363909  0.6345419205619354  -4.075554544068105  0.0  0.0  0.0  1.0
38591597440464;2.6229936829188185;2.1579361278552827;0.7896546008326675  0.6129287232287268  -0.027640398423381132  -1.1435379634081682  -0.5936706619912157  0.7519165357369098  -0.28666473165758677  8.225400204518735  -0.15492177534069362  0.24277541787958506  0.9576321527594407  1.7436861115247675  0.0  0.0  0.0  1.0
38591597440495;7.040304842930483;0.7792978220402978;-0.9154214501533048  -0.3938944718399915  -0.08276903801008736  10.117276588823998  0.37782972482117194  -0.7700720033016516  -0.5140367776458593  -12.546594749336727  0.1387381261253683  -0.5018328952797686  0.8537654698887431  -1.4850393795215515  0.0  0.0  0.0  1.0
38591597440526;4.4907205692444;3.378693082399058;0.4475297052813762  0.7513535836480366  -0.4849587149748083  5.3294482755833  -0.7460726690864731  0.014709015819221842  -0.6657020484389513  12.166749804960432  -0.4930443543262111  0.6597358844210939  0.5671470950945329  7.586791943794052  0.0  0.0  0.0  1.0
38591597440557;2.48450718425269;5.228487107848982;0.8409912800936699  0.27542417753292686  0.4656986034300742  5.1317539240455226  0.2796538303105106  -0.9581205133130011  0.06163454519578481  9.6630766448612  0.4631710288857355  0.07840028315728154  -0.88279442318231  9.16136655003532  0.0  0.0  0.0  1.0
38591597440588;2.328820346378117;2.271110849634412;-0.3478950426819944  -0.9173116356939658  0.1936708607347904  6.904614895952097  0.5866006080304647  -0.37412173936977183  -0.7182845193857559  -0.6071205278034284  0.7313472266547425  -0.13628017886471191  0.6682506617378091  -5.569819601617214  0.0  0.0  0.0  1.0
38591597440619;6.320591373756098;0.042791724204901266;0.5873489238084262  -0.7847767204884206  -0.19785535292360237  -0.6788120752030569  0.807876021919468  0.5831679666313471  0.08515548075511797  -5.711871815459409  0.048554864932968345  -0.20985857541329972  0.9765253726436612  8.888470763111565  0.0  0.0  0.0  1.0
38591597440650;2.279414240855783;5.314618688351839;0.9401537657972583  -0.32873331441033093  0.0896956222679404  -6.531422911413466  0.31251532120368103  0.9367573937196372  0.15754288090724144  2.7374748108421567  -0.13581263074616645  -0.12008327655586265  0.9834301886872365  6.002250089811636  0.0  0.0  0.0  1.0
38591597440681;2.179632741963947;2.397577133279142;0.5391820514262882  -0.10597421302935933  0.8354951714956509  -3.559907868350207  0.43954351495480665  0.8816324227536281  -0.17183064223455957  3.152641037055624  -0.718390015159532  0.45988448258489434  0.5219406563937243  -2.7344374137960026  0.0  0.0  0.0  1.0
38591597440712;3.8212360075464504;0.46976195676362076;-0.821127099518538  0.18609537065287315  0.539554259975625  11.527857472002307  -0.5170288040882846  0.15784553582109256  -0.8412882993150395  1.0607294231287625  -0.2417260891573626  -0.9697697148513782  -0.033394580065702104  5.41850329822596  0.0  0.0  0.0  1.0
38591597440743;5.199898909440479;2.012657734689853;-0.35051514879471346  -0.8370408812883302  -0.420121046268186  5.080467281755485  0.540571867212813  -0.5471315864615705  0.6390845667625669  -0.39237900884827415  -0.7648014035313171  -0.0030967964254078554  0.6442586615703564  -0.4930900737316344  0.0  0.0  0.0  1.0
38591597440774;4.068195372446665;0.11435741777618962;-0.8216500949026246  -0.5285379902562208  -0.21339801874062372  0.20009843314306375  0.5676884581071379  -0.7251875792680171  -0.3896572717239272  8.942990272155058  0.05119507865458267  -0.44130552651344535  0.89589536006737  3.65089963508672  0.0  0.0  0.0  1.0
38591597440805;6.856595695350732;6.34343183257291;-0.5868634783374662  0.7763324301805559  0.2299982948710766  -5.6375335505302475  0.10122890870169221  -0.21148119269032312  0.972125718814878  2.746058979294542  0.8033330354446502  0.5937875571180579  0.04552330364828855  4.1583294070573995  0.0  0.0  0.0  1.0
38591597440836;1.767433218515084;6.393452146641785;0.8981668450158596  -0.3924698453512501  -0.19815079864644058  -7.530324940355216  0.21763033744445245  0.005273784909595236  0.9760170200444975  6.048959729618458  -0.3820122442253261  -0.91974975274946  0.09015008363410809  12.222180979304039  0.0  0.0  0.0  1.0
38591597440867;2.621604289268463;6.262782692650465;0.7305997591335663  0.273650007647167  -0.6255714709517054  -3.238792102703814  0.22379253755304512  -0.9615385277456916  -0.1592499915108834  1.306707179537932  -0.6450898325733742  -0.023650221465199336  -0.7637406463814161  10.006665648976067  0.0  0.0  0.0  1.0
38591597440898;2.670728938211616;0.06148876314182101;-0.19505444623999524  -0.9807571732573035  -0.008314451656776856  4.513780523379545  0.9740866194555827  -0.19470348552667327  0.11509044496116866  -5.319903670120069  -0.11449463218685857  0.014349906902438786  0.9933202199554223  -2.054964969929107  0.0  0.0  0.0  1.0
38591597440929;1.8420211736250836;5.878715044571481;-0.7331845717954412  0.029094394921568845  0.679407020765376  -3.4956930579439303  -0.5635859096879141  -0.5850792302173456  -0.583140820702448  6.986058475275827  0.3805408073812618  -0.8104540767695759  0.4453682559020024  -7.9407605089913265  0.0  0.0  0.0  1.0
38591597440960;4.0321706019458725;3.836356256725401;0.7851547130480112  0.4887850584902366  0.3802909980201894  -0.9155416601081665  -0.00011775761092369663  -0.6139483662532514  0.7893461786238717  -0.9440048440552644  0.6192996550230275  -0.6198036545323526  -0.48198689517112386  7.785304906362795  0.0  0.0  0.0  1.0
38591597440991;5.87031157311765;3.0156937399256614;0.7557563204316737  0.6547370993375282  0.01231725938091796  2.109364982519182  0.6548498795861201  -0.7555614952543072  -0.017276055542841263  -2.35837589577644  -0.002004827578832396  0.02112244399105607  -0.999774886174995  6.394324534365149  0.0  0.0  0.0  1.0
38591597441022;4.407785844403787;0.05058387444788808;-0.0708627080849751  0.9442738194900674  0.32144273273555823  5.045259671316856  -0.9325399785576148  -0.1770941790700955  0.3146535239453904  7.681659284263502  0.354044721743775  -0.2774609982774676  0.8931224604947768  6.511023152310867  0.0  0.0  0.0  1.0
38591597441053;5.317946691794153;2.362467403974534;0.7881586165079115  0.6128318726918168  -0.05694814340587033  5.268891574618204  -0.6154551052387236  0.7854448184693469  -0.06550916405546993  -0.08342817924222357  0.00458352047300106  0.08668063770355883  0.9962256061692943  -8.575854436006312  0.0  0.0  0.0  1.0
38591597441084;5.062681624331849;3.0102111547564494;0.18336648197067001  -0.9792001406007267  -0.08685515492598156  -3.659503039540482  0.9830067750874192  0.18341765022697049  0.007459605716683547  -10.002121183366683  0.008626321460020507  -0.0867470474006638  0.9961930216305146  4.1830010216044355  0.0  0.0  0.0  1.0
38591597441115;4.0304954775959185;1.8094575464457625;0.8777594878400884  -0.008885251502272686  0.47901913720899225  3.5770664451207135  0.21103466653400793  -0.8904375900282004  -0.40321863521624446  -3.665752253951285  0.4301193450980624  0.45501862661929793  -0.7797149468888628  -2.4454337493849896  0.0  0.0  0.0  1.0
38591597441146;3.50878041807317;2.4134931602207867;0.6551526981979436  -0.6732715269714347  0.3427541290976767  6.3383334244959375  0.7432900555666617  0.6556391390638084  -0.13288044484940864  -3.3420415421379124  -0.13525840210376136  0.34182271764354805  0.9299797816958801  2.515308776674132  0.0  0.0  0.0  1.0
38591597441177;1.8734213949510077;7.441505058716667;-0.7702084517998398  0.463620974155501  -0.4379891929022888  0.5763061011598389  0.45759350305293156  0.8800620460979078  0.1268817598463658  9.201309404126842  0.44428271037689593  -0.10269560526657606  -0.8899811716654971  1.0145655607299098  0.0  0.0  0.0  1.0
38591597441208;4.856694250338816;0.02613251740219788;0.4567126351065195  -0.8671790418002697  0.19852979221372774  5.584873956107908  0.8847092143178664  0.4661425348736386  0.0008621384127343867  -6.72130730981268  -0.09329080895309777  0.17524738698178988  0.9800944741814083  7.335481958698017  0.0  0.0  0.0  1.0
38591597441239;3.562972413096303;5.2921227323768045;0.8981056781971075  0.2355108025699719  -0.37140389424851367  -0.9835803032900481  0.4222408665669518  -0.2256512148079416  0.8779488480865443  2.1820264386432027  0.12295869790666697  -0.9453127477869682  -0.30210092267411087  3.3330336019494373  0.0  0.0  0.0  1.0
38591597441270;3.8856885051039876;3.8680094311331725;0.6392674705585603  -0.5072272524880471  0.5779771755174138  -5.7210767841804415  0.5035129303606481  -0.29198819987299607  -0.8131528885114782  3.572891893729941  0.5812158205394047  0.810841171542463  0.06873692229327938  3.174207316936797  0.0  0.0  0.0  1.0
38591597441301;5.885271651627378;10.3938296118767;0.8869462829209167  0.24364330434700687  -0.3923827614200718  2.70687850643144  0.3072232979656068  -0.9455669269134293  0.10731743527791364  14.533341697606518  -0.34487698734462574  -0.21573392634067795  -0.9135199705675461  -0.021829443659621806  0.0  0.0  0.0  1.0
38591597441332;4.848688954378692;2.3136630456487666;0.39762958988625274  0.8887482397514842  0.22807296110132977  7.213668794982114  -0.7842943921731501  0.45822307744293317  -0.4182271125889337  7.708690808351025  -0.4762069042471343  -0.012576869140048604  0.8792433148508977  -0.730332563527913  0.0  0.0  0.0  1.0
38591597441363;1.9312590227021411;3.5279732871429466;-0.25573628291831635  -0.47887491081327865  0.8398081765455122  10.855735007128608  0.32254326091826846  -0.8611848054161023  -0.39284421308788814  -5.633361776436069  0.911353278611173  0.17040994898774667  0.37469407634850715  -1.3758302905376105  0.0  0.0  0.0  1.0
38591597441394;1.946076302141685;2.742469729154031;0.10981728357119774  -0.9894498575372497  -0.09449414610735866  1.6753371952079545  0.9799784276292465  0.09189789777943386  0.1766268885674822  -1.2555008548032385  -0.16607963635061412  -0.11199890983057123  0.9797314931073775  0.5934818859440294  0.0  0.0  0.0  1.0
38591597441425;2.927510512380139;4.353473358238085;-0.0077228041729614505  0.6454065746028562  -0.7638001778967545  2.9606782276908286  -0.04094567100030555  -0.7633864560253242  -0.6446429793175684  -2.1356777938615994  -0.9991315280392477  0.0262958593033914  0.03232208937329728  4.261049728153479  0.0  0.0  0.0  1.0
38591597441456;2.426629832247053;2.7181571465710066;-0.18559401701814682  -0.34354428038865  -0.9206151140728205  7.397417702949977  -0.816239444037822  -0.46772750159408916  0.33909313506672206  7.366003028801618  -0.5470905143062659  0.8143760259639252  -0.19360696653609644  3.916075819026792  0.0  0.0  0.0  1.0
38591597441487;5.191066102703561;2.7643673994955047;-0.25695374553240297  0.6661362918783634  -0.7001694175693575  8.534694529429881  -0.6723837112630004  0.3971720836132297  0.6246234712420915  7.6801678850987205  0.6941721094116813  0.6312818519812448  0.345844337634819  5.598229350298965  0.0  0.0  0.0  1.0
38591597441518;4.920812353335283;6.1297208387270725;-0.08905107469816456  0.7764672328718545  0.6238337457780134  -6.270169797318975  0.3664812914738493  -0.5568415334809551  0.7453985307137638  5.893383705533998  0.9261540741662595  0.29500193705618877  -0.23497337729695023  12.799541399812417  0.0  0.0  0.0  1.0
38591597441549;4.927630398119143;2.2965263073620976;0.3120078493835094  0.9496361241472694  -0.029022984643717213  3.169336890726661  -0.9427261604708242  0.31324181379160104  0.11466016072065419  -0.6965762852457  0.11797664297230878  -0.008414143277843629  0.9929807218198572  -5.284197394536221  0.0  0.0  0.0  1.0
38591597441580;4.789769207117012;0.12410290239844457;0.6211568041965699  -0.7831141646446835  -0.02994043642240811  -2.966810777715767  0.6674510290196162  0.5486629677335119  -0.5034660581394856  3.654627624403841  0.41069861024960985  0.29274759259593464  0.8634960906502844  -5.396375020147397  0.0  0.0  0.0  1.0
38591597441611;3.8037185845764383;2.2755206016271337;-0.7577406093609883  0.28127539132340257  -0.5888236774800285  13.890795155325383  -0.48784758323482236  -0.8434646708488026  0.22488237939390446  -1.8744405183474746  -0.43339809004791535  0.45765871920655854  0.7763469535439882  -0.5075946606871122  0.0  0.0  0.0  1.0
38591597441642;2.439160696844833;0.04255681067250082;0.12984810951908984  -0.9889728154960533  -0.07121965082846482  2.352417016745285  0.9915080255882263  0.1300282095708093  0.002121299117940012  -3.9865129291911576  0.0071626565223048555  -0.07089030205620328  0.9974584008498424  -2.335458057187143  0.0  0.0  0.0  1.0
38591597441673;5.598187939653337;4.3888936738763356;0.9172432020523754  -0.36784948923807076  0.15281250457994613  3.4633386520505742  0.3964550145903457  0.80592198716258  -0.4396739382930125  -0.145122870565074  0.038578876278014644  0.4638712147516909  0.8850622387323485  6.039278109983316  0.0  0.0  0.0  1.0
38591597441704;4.778579004204095;0.14977601706697793;0.7159597696844423  -0.6820780878438346  0.14889959797359453  -4.949306440219113  0.698134493842789  0.6985211376633133  -0.15708739206067526  1.158259923464906  0.0031363514269952437  0.2164201985047806  0.9762952734592533  4.387354819739522  0.0  0.0  0.0  1.0
38591597441735;4.169490407709132;0.6859398337213978;0.1664299419066574  -0.6817379938043296  -0.7124144736321641  -4.2347448250613455  0.23258174545894608  0.7292461263147768  -0.6435105429860195  -2.4563054178704538  0.9582310817940608  -0.05859517948210044  0.27992820298291443  -4.845055803774611  0.0  0.0  0.0  1.0
38591597441766;1.9262032552907409;2.790621483113707;-0.5284924359388675  -0.8487642153026321  0.01717707708281503  5.50676358138877  0.8486564649456019  -0.5287300680619862  -0.015057211999621636  -3.7351884101288704  0.021862059862607017  0.00661981486707193  0.999739080155262  -1.1619357564131136  0.0  0.0  0.0  1.0
38591597441797;2.2135128812075298;1.5953311146387101;-0.8258554167931316  0.43684029677008945  0.3565576891209386  1.2865773702592076  -0.5497810270251706  -0.7643175077911848  -0.3369860080285557  5.912171630581239  0.12531421657813768  -0.47433037263250727  0.871382260963416  -2.5241331307552377  0.0  0.0  0.0  1.0
38591597441828;5.443305572519713;5.8425667334554205;0.8808273450296763  -0.39138459271397136  -0.2663856017769923  -15.455930561358947  0.21851244285946286  0.835229474900882  -0.5046226675174107  -3.1504908535840803  0.4199946434938923  0.3862768758842754  0.8212153643189605  -1.090332405563645  0.0  0.0  0.0  1.0
38591597441859;1.9328163177142916;0.03176490611723732;0.5095075323302962  -0.8596305354523885  -0.037913282850910224  -2.104419807561851  0.8469950144504403  0.4932776908065024  0.19818316086061283  -1.883440430468017  -0.15166252007266462  -0.13308817479567925  0.9794314767939427  -3.342272279607963  0.0  0.0  0.0  1.0
38591597441890;4.287804159875307;3.775324002821707;-0.048326609841059964  -0.9341561543218861  0.3535771742121004  9.510368757066743  0.7506773262709004  0.1995487103949121  0.6298125625950147  -5.772317954213357  -0.6588991505564731  0.2958590737534876  0.6916063315743189  5.440911772594853  0.0  0.0  0.0  1.0
38591597441921;4.652169079942416;0.04532788450640181;-0.3165940736481239  -0.9382983201772676  -0.13915622473825479  6.826388045192163  0.9465478142288178  -0.3220571276318989  0.018067703787067846  -4.320026894865293  -0.061769150144167784  -0.12599789241891382  0.9901056020427617  -4.1640571073820425  0.0  0.0  0.0  1.0
38591597441952;1.783388299920841;0.052701991716501174;0.5499825799582867  -0.835074921060134  0.013001459873383974  -0.2344667060228549  0.8351185638334827  0.5496952638628342  -0.02030027653682126  -5.9711573096880635  0.009805410910782991  0.02202255896078667  0.9997093881792299  0.09121274930629575  0.0  0.0  0.0  1.0
38591597441983;5.49349230429743;5.351536907687927;-0.1155071483495766  0.8992340970248077  0.42194328698075895  12.23840699815723  -0.36943341573001365  -0.43320507864546165  0.8221023726871454  11.346186357657682  0.9220504595857019  -0.06092124903313782  0.38224540728966105  2.3641474029089813  0.0  0.0  0.0  1.0
38591597442014;1.4576110063785062;7.3620945450742115;0.26899079711096596  0.5709996758744608  -0.7756309181697618  -5.8093755509838765  0.6386339250923725  0.49707939498437015  0.5874170450396228  6.819831161514759  0.720965089855755  -0.6533539968755322  -0.23094998154589713  -2.877276056261067  0.0  0.0  0.0  1.0
38591597442045;3.4058146160113;0.03140685787976363;0.6037909442643319  -0.7895710836823733  0.10960839127105881  2.870013401960491  0.7952447902437113  0.6061147097037083  -0.014514898243717267  -1.3513376306589215  -0.054974714320517315  0.09592946624177846  0.9938688637299926  7.439369073891568  0.0  0.0  0.0  1.0
38591597442076;1.5195309119701852;4.086375758919138;-0.2166043024698477  0.9162009327025015  -0.33713265499891365  11.048459065639538  -0.943972897601814  -0.10848009297085287  0.3116845168151125  4.092624843332229  0.24899346325714203  0.38575629657090627  0.8883661040984812  -2.065575963769671  0.0  0.0  0.0  1.0
38591597442107;3.7055155609155883;3.789217305318472;-0.38387192488569033  0.8154848232892441  -0.4331591488927194  8.060007475314157  0.5701083541937555  0.5783235355627284  0.5835395039692797  4.333049518216176  0.7263737397256611  -0.022943216843667753  -0.6869168792785791  1.3341203399429293  0.0  0.0  0.0  1.0
38591597442138;5.646923884727078;5.886562849275849;-0.35648345490081484  -0.8310440717979417  -0.42694882259057154  -1.7346021156189897  0.8570192088827885  -0.10887507057348503  -0.5036509650676119  0.6745064233785787  0.3720720655839362  -0.5454465782614418  0.7510328942696103  -4.6962389609410815  0.0  0.0  0.0  1.0
38591597442169;1.4800799852740398;3.1440431993120224;0.9016948662393597  -0.3783975245423725  0.20919292917732274  -2.4528816832250615  0.32086681839033104  0.9099189399857648  0.2628535856922045  1.1554976683576819  -0.2898117545125632  -0.16989065917638702  0.9418844466658121  1.5493659771601638  0.0  0.0  0.0  1.0
38591597442200;3.2131369785042154;1.649789167849436;-0.19197454975629483  -0.9804133097167758  0.04399448120009472  -2.5924274507519707  -0.9804565144956352  0.1935623085877661  0.03519454328791087  -1.1301895039568253  -0.04302087201508245  -0.03637821909291353  -0.998411653450965  -1.8944878054585255  0.0  0.0  0.0  1.0
38591597442231;3.3002375565089763;2.293630800623522;-0.5600225590744361  0.8266918311946438  0.05436312687627304  14.070614785871467  -0.7469203772023374  -0.47541444484956147  -0.46485595161114357  0.2931419864619844  -0.35844760209497545  -0.3009347468545793  0.8837157884115985  7.275655799946352  0.0  0.0  0.0  1.0
38591597442262;3.603766945068243;6.143609107617297;0.8719895121881398  0.4519969370189887  -0.18797090083132795  0.08678366886274258  0.3074073752965122  -0.2067733953560689  0.9288409274930938  4.414103505349438  0.38096587281172245  -0.8677231885217624  -0.319251424201094  0.06469331567138958  0.0  0.0  0.0  1.0
38591597442293;2.0154890518338;3.2602688843070906;-0.7260533761762764  0.6870425286305155  -0.028619203273638986  14.272944647921342  0.2073172091919564  0.2583923000735884  0.9435321902487159  -4.69274896373232  0.6556417235929155  0.6791214789090888  -0.3300423414782456  0.7595997621144113  0.0  0.0  0.0  1.0
38591597442324;5.849680243723311;0.5204782124726449;0.21769492668025386  0.679546314396607  0.7005895556512869  -4.282495082239896  -0.8681773213886423  -0.19315334279873592  0.45712134580668723  -1.0003067736880102  0.445956340378878  -0.7077489616775587  0.5479181961937534  -1.9247600347251796  0.0  0.0  0.0  1.0
38591597442355;5.300655887315837;4.962834012960323;0.9485958386813619  0.04126189916091494  -0.31378876734841615  -0.9725287947862249  -0.19137741373468703  0.8644480143222834  -0.46487021419583785  3.1597044061124375  0.25207264894991366  0.5010260334672203  0.8279083846896813  4.8502326235957005  0.0  0.0  0.0  1.0
38591597442386;1.9258199135952243;5.163345611003498;-0.493884503341632  -0.8681206552007188  0.04944315294218202  8.792030027449972  0.8681023836706562  -0.4955314753202716  -0.029099973062526735  7.067690315714038  0.04976292620328926  0.028549693182060146  0.9983529266721743  9.935255676194865  0.0  0.0  0.0  1.0
38591597442417;4.983836368994222;0.06548312961501658;-0.9470897494674209  0.2625112004355674  0.1846858849495977  7.630472850249038  -0.2571629836552864  -0.9649257292907351  0.052778184794993306  -5.379850529037808  0.1920630268720399  0.0024913046021799307  0.9813794307555714  -7.737360625202834  0.0  0.0  0.0  1.0
38591597442448;3.9670676070792013;0.45816040478467923;0.38576838415323966  -0.8412900021710406  0.3787002588259594  -3.618229718930837  0.7655715749561326  0.06283324411889726  -0.6402750557789065  2.488859053749473  0.5148620372555982  0.536920027267139  0.6683067910117853  6.584087678114529  0.0  0.0  0.0  1.0
38591597442479;2.535069451706357;2.7128983706723644;0.23180709966698032  0.9641132305034908  0.12942622343290766  6.680581933590746  -0.8912705790841686  0.15719176587806757  0.42535573770563584  -2.4176132675146715  0.3897463577802282  -0.21395426499197706  0.8957239245932811  -2.1292145354950276  0.0  0.0  0.0  1.0
38591597442510;2.7117678210954486;7.543241162806547;-0.21071819896878768  -0.665718139059424  0.7158332207648708  -3.2309354200942537  -0.5689577387412922  -0.5119429377817498  -0.6435848972604836  15.84158038320055  0.7949119021311393  -0.5428939010365184  -0.2708897932141506  1.2476236079240537  0.0  0.0  0.0  1.0
38591597442541;1.1504027505085501;1.2609103070414047;0.9091346563479612  -0.3149948363306764  0.2724929902072437  -3.415003250460148  0.24706716521601785  0.9345632754083679  0.25602597549878425  -0.9633649416694503  -0.33530880170254335  -0.165438016619499  0.9274687434937152  -0.966192416737381  0.0  0.0  0.0  1.0
38591597442572;2.4453153833729853;1.712677897749422;-0.9352720159306122  -0.04342539686476339  -0.351255592303134  7.081136100588996  0.03823739769523085  -0.9990331127089872  0.021696569509679336  -6.999308185217014  -0.35185814987660075  0.006861094528527642  0.9360281874747607  3.963722969614813  0.0  0.0  0.0  1.0
38591597442603;2.022769694472952;0.027620249885099667;-0.562693321297741  -0.7769561038471032  0.28233922657265786  7.0118527675359115  0.77916697548871  -0.612574328328567  -0.13285901015957113  -2.0882713384878455  0.27617938097311606  0.14523052353942015  0.950070020870974  0.07338700555564248  0.0  0.0  0.0  1.0
38591597442634;2.3143065310168365;1.6541564362468777;-0.8922919059191308  -0.09428661033832927  -0.4415033292537122  7.796797829910153  0.13901570083637815  -0.9878130881455529  -0.06999955577941866  1.4544794587403789  -0.4295227462570222  -0.12383593177770896  0.8945249423289277  3.170824552309668  0.0  0.0  0.0  1.0
38591597442665;1.7442633128967042;6.802051180111934;-0.23724701185536123  0.9548562239070759  -0.17878324035440762  -0.3870455241462826  0.9689666151628312  0.2194494513589602  -0.11377889522286877  5.096552565712911  -0.06940860224487541  -0.2002286941578832  -0.9772875298346138  2.558651480568151  0.0  0.0  0.0  1.0
38591597442696;4.239524031860057;0.039121672970109454;-0.09784890878077877  -0.9908830270907887  -0.09260895028994706  -5.224587188675062  0.9923193909247526  -0.10421883177920918  0.06663828852322856  0.8392345121763718  -0.0756823456635633  -0.08537717333088429  0.99347014088441  -4.243470250615882  0.0  0.0  0.0  1.0
38591597442727;3.3606588330920775;3.0021425123535512;-0.08374877405184256  0.3421976993301577  -0.9358882825519086  -0.5789421979669171  -0.3593284020665811  -0.8863720557105652  -0.29193779872381237  2.6544071547902828  -0.9294456639917642  0.31184180833970115  0.19719392551073728  -0.9831194618048689  0.0  0.0  0.0  1.0
38591597442758;5.505400493338908;3.074220136306636;0.13768839668117933  0.9887185157041507  0.05897119740303401  7.504319356310515  0.9888126534928904  -0.13376476026240697  -0.06600397870045752  2.411804207273198  -0.0573710877682808  0.06739944818559182  -0.9960752344439463  11.379878618920355  0.0  0.0  0.0  1.0
38591597442789;2.5679788633882894;2.5378827378480886;-0.5409001370480367  -0.8225578279187594  -0.1755723824266996  0.7674972264760855  0.8295215430314534  -0.4872127766226062  -0.2729793397720911  8.8101158713622  0.13900018484926988  -0.293295635878311  0.9458628962944928  1.8990892109093975  0.0  0.0  0.0  1.0
38591597442820;4.890369584704633;8.18175189660062;-0.9323164244738489  0.36059931742046597  -0.027463010253644816  -1.38820182432648  -0.3594383607861243  -0.932329114494498  -0.039578871399887576  9.113704462204048  -0.03987667804220586  -0.027028772480430847  0.998838974012588  -3.2184904830939933  0.0  0.0  0.0  1.0
38591597442851;3.7198562228278598;1.604310580067935;-0.25875609177165626  -0.052707929877531284  0.9645035816932371  -3.0752654822001566  -0.03562190064140491  0.9983516347471884  0.04500103990254556  3.0083267403455913  -0.9652856391585611  -0.022713157544512863  -0.2602071238621382  -0.5802460949394401  0.0  0.0  0.0  1.0
38591597442882;2.8047071756103454;6.042506911673757;-0.01198801069644137  0.09776877947028856  0.9951369520625952  -6.211161295432349  0.09569931162169974  -0.9905279075890843  0.09846880745861691  -1.3951067746945507  0.9953380980122659  0.09641436639878673  0.0025180542579011853  -6.624583886514548  0.0  0.0  0.0  1.0
38591597442913;2.6498156260201227;1.1683530794187953;-0.6188562272414101  -0.0876884341893005  -0.7805944584186835  -0.6682963105045783  0.6751705357512132  0.4484967514677915  -0.5856581012640888  -3.710645464214222  0.40144952068466644  -0.889472541696632  -0.2183503604526107  -3.2355638386993277  0.0  0.0  0.0  1.0
38591597442944;3.9890625842330967;0.09070816606022851;0.4907897706944138  -0.8694894163228222  -0.055799246270201025  -3.4671810178947573  0.8657315718514592  0.4938791409303147  -0.08119260836760862  1.6005048569761948  0.09815419747176557  -0.008458667538807835  0.9951352694293085  -1.5777569445702602  0.0  0.0  0.0  1.0
38591597442975;4.829702581700206;2.4709689108372097;-0.9945446521299811  -0.08697248777429531  0.057590982714351716  9.933529486027247  0.04154056809309406  -0.8366633041402652  -0.5461399973519582  3.622778808057021  0.0956834161292213  -0.5407682515416783  0.8357119013167148  -4.76404269402739  0.0  0.0  0.0  1.0
38591597443006;1.5836086183196916;6.336054224568235;-0.8110262319376822  -0.5493856836129986  -0.20102691797379812  2.8905461070117746  0.17781547634577305  0.09586943314371058  -0.9793828200252594  13.641004639184281  0.5573312367711787  -0.8300508553274203  0.019936651908648274  -0.3704488047676575  0.0  0.0  0.0  1.0
38591597443037;3.2675087807083063;7.600168729111106;-0.2973644097585357  -0.9415972980336941  -0.15801561993867513  1.7422693318003208  -0.926366527149532  0.32460535462945217  -0.19098801303433274  20.21097465566935  0.23112651337713808  0.08958734331106097  -0.9687902986367034  8.701259326829426  0.0  0.0  0.0  1.0
38591597443068;3.1958174120499194;2.4600350452863307;-0.9570239535438397  -0.05196692379890877  -0.2853148982689072  3.9907678238379  -0.1702890129587234  0.8970472518403818  0.4078086316290552  -4.6217022795554845  0.23474838531683684  0.43886862133957255  -0.8673451036321359  8.909414357996793  0.0  0.0  0.0  1.0
38591597443099;4.778408638902547;3.888324108769065;-0.7068578319387366  0.49616908432837487  -0.5041510142641891  9.202824558133518  -0.6915583823202094  -0.6345328940781623  0.34513042487651924  4.8927571700797925  -0.14865735524865126  0.5926080037339467  0.7916544351173322  0.30861995849448887  0.0  0.0  0.0  1.0
