# registration_from_features.py FastGlobal FastGlobal_config.json euclidean False --input_txt=/neural_comparison/point_clouds_registration_benchmark//tum/pioneer_slam_global.txt --input_pcd_dir=/neural_comparison/point_clouds_registration_benchmark//tum/pioneer_slam/ --input_features_dir=/neural_comparison/experiments/3DFeatNet/feature_extraction_voxelgrid_0.1_npz//tum/pioneer_slam/ --output_dir=/root/neural_registration_comparison/results/3DFeatNet/FastGlobal/
id;initial_error;final_error;transformation
1807261650030;4.242065528890624;5.795682264143396;0.47818295485559076  -0.39043032597766597  -0.786705295674657  10.913886314002376  -0.6346414416674263  -0.7728035320401664  -0.0022229225210807927  5.246888151061338  -0.60710073480755  0.5003387466739084  -0.6173247414229531  9.161115275081215  0.0  0.0  0.0  1.0
1807261650061;7.372035540033227;0.8565087970512748;-0.7425154160726152  -0.6698132377317424  0.004591672226024091  -2.4218636515308853  0.6689255394693003  -0.7418524326558055  -0.04683578555302482  0.6317507748908084  0.034777572373815374  -0.03170480597613296  0.9988920490912913  4.969482922869088  0.0  0.0  0.0  1.0
1807261650092;12.102589230009645;2.154625090389375;1.0  0.0  0.0  2.3281494620000003  0.0  1.0  0.0  -0.43885731923076854  0.0  0.0  1.0  12.785353192923079  0.0  0.0  0.0  1.0
1807261650123;9.366919006451113;6.285256802875842;1.0  0.0  0.0  10.953845020813006  0.0  1.0  0.0  0.6771959130299187  0.0  0.0  1.0  8.033747297813008  0.0  0.0  0.0  1.0
1807261650154;4.484926530514292;3.6764091424128473;1.0  0.0  0.0  2.5139179031818175  0.0  1.0  0.0  -2.6963794005151525  0.0  0.0  1.0  -1.51144334069394  0.0  0.0  0.0  1.0
1807261650185;4.785592360357215;7.027160892289745;1.0  -0.0  0.0  3.5072047218351647  -0.0  1.0  -0.0  3.477478382472527  -0.0  0.0  1.0  -4.32691020053846  -0.0  0.0  -0.0  1.0
1807261650216;5.7139193037879235;7.630816212933325;1.0  -0.0  -0.0  -6.371473579222222  -0.0  1.0  0.0  6.191575908481667  -0.0  -0.0  1.0  5.5688889628333325  -0.0  0.0  -0.0  1.0
1807261650247;12.652214164961155;4.036163738912634;1.0  0.0  0.0  0.03662055155606403  0.0  1.0  0.0  -12.546467673752861  0.0  0.0  1.0  -1.5948748656498855  0.0  0.0  0.0  1.0
1807261650278;6.989420057286833;5.116569469594305;1.0  -0.0  0.0  8.994062095151516  -0.0  1.0  -0.0  8.860526687878789  -0.0  -0.0  1.0  3.75601016830303  -0.0  0.0  -0.0  1.0
1807261650309;8.352466281140485;4.803708183836475;1.0  -0.0  0.0  -5.905313740363637  -0.0  1.0  -0.0  -0.4657321072727263  0.0  -0.0  1.0  1.1303554882545455  -0.0  0.0  -0.0  1.0
1807261650340;10.036300996119001;3.38331295704336;1.0  0.0  0.0  2.2102356970046086  0.0  1.0  0.0  -4.694658461578341  0.0  0.0  1.0  -12.37288647941705  0.0  0.0  0.0  1.0
1807261650371;3.1812712757927435;4.825081969172297;1.0  0.0  0.0  1.3171610166304362  0.0  1.0  0.0  5.108876938097826  0.0  0.0  1.0  1.05900523895  0.0  0.0  0.0  1.0
1807261650402;12.640830633455;5.167001742381032;1.0  0.0  0.0  -8.338268043848299  0.0  1.0  0.0  2.4509851418699684  0.0  0.0  1.0  -6.536154488436535  0.0  0.0  0.0  1.0
1807261650433;17.72602606662104;6.706032418131263;1.0  0.0  0.0  7.160437649285713  0.0  1.0  0.0  4.760604481952382  0.0  0.0  1.0  9.534896531319047  0.0  0.0  0.0  1.0
1807261650464;13.516242316124647;7.826170715706555;1.0  -0.0  0.0  6.84824441869082  -0.0  1.0  -0.0  -1.8343033739613523  0.0  -0.0  1.0  6.548948710007247  -0.0  0.0  -0.0  1.0
1807261650495;7.578236265964046;4.474458602327666;1.0  0.0  0.0  -5.41028644469697  0.0  1.0  0.0  8.088803923484848  0.0  0.0  1.0  -5.3710745206439405  0.0  0.0  0.0  1.0
1807261650526;15.116037694080763;7.48172756393915;1.0  0.0  0.0  -2.108538812174089  0.0  1.0  0.0  3.580764513566801  0.0  0.0  1.0  8.380091690748989  0.0  0.0  0.0  1.0
1807261650557;24.456095870239103;3.633194278757836;1.0  -0.0  0.0  -2.3138019166666663  -0.0  1.0  -0.0  -2.0291270066666667  0.0  -0.0  1.0  -7.321927618833333  -0.0  0.0  -0.0  1.0
1807261650588;6.853314294203077;3.220677367136004;1.0  0.0  0.0  1.9838523809677413  0.0  1.0  0.0  -6.113902717647058  0.0  0.0  1.0  4.541458685195446  0.0  0.0  0.0  1.0
1807261650619;35.588647047747834;9.894145008028868;1.0  -0.0  0.0  1.1425341333333332  -0.0  1.0  -0.0  3.114651826666666  -0.0  0.0  1.0  -13.709142618833333  -0.0  0.0  -0.0  1.0
1807261650650;3.7851067611784845;0.3365336134913089;0.07270732981725754  -0.9899834439669484  0.1210224147097763  -0.7443358240423358  0.7531660677627489  0.13404525304970202  0.6440285277110327  -2.61396408808849  -0.653800060080789  0.044324381622106133  0.7553680100667328  -3.1144319942012237  -0.0  -0.0  -0.0  1.0
1807261650681;15.599629407378206;5.116086930785128;1.0  0.0  0.0  4.878463566666667  0.0  1.0  0.0  3.3648668099999997  0.0  0.0  1.0  3.667209005333334  0.0  0.0  0.0  1.0
1807261650712;15.285930710511307;8.892545511396909;1.0  0.0  0.0  -4.826854207548719  0.0  1.0  0.0  1.5449841410256409  0.0  0.0  1.0  6.848657956061537  0.0  0.0  0.0  1.0
1807261650743;12.892867624387561;9.426646562629307;0.14839949620168474  -0.7004065523785288  0.6981462962104072  -3.1860046892231386  0.7096945265081855  0.56706902950177  0.41805070843648023  -2.0750449691553814  -0.6887025980576877  0.4334320906037569  0.5812274548431514  3.2624243857479645  -0.0  -0.0  -0.0  1.0
1807261650774;8.730798497462562;9.149241956473546;1.0  0.0  0.0  0.7222183613923446  0.0  1.0  0.0  5.502715913287081  0.0  0.0  1.0  5.919065156483253  0.0  0.0  0.0  1.0
1807261650805;27.065215252830498;10.578942923302073;1.0  0.0  0.0  -3.5769625425422227  0.0  1.0  0.0  -0.14831190688888807  0.0  0.0  1.0  10.331306521280002  0.0  0.0  0.0  1.0
1807261650836;7.792680035821759;9.137714943814476;1.0  -0.0  0.0  5.1832226554545455  -0.0  1.0  -0.0  -0.6593328681818182  0.0  0.0  1.0  -4.014479821863636  -0.0  0.0  -0.0  1.0
1807261650867;39.325074377946905;7.560321604916428;1.0  0.0  0.0  11.462915780000001  0.0  1.0  0.0  -5.061012748  0.0  0.0  1.0  -8.900278364266667  0.0  0.0  0.0  1.0
1807261650898;3.285326842341318;6.604913361080476;1.0  0.0  0.0  -0.7295942142222223  0.0  1.0  0.0  3.7230618905555555  0.0  0.0  1.0  -0.10589408494444463  0.0  0.0  0.0  1.0
1807261650929;12.554732005914778;10.143444932960104;1.0  0.0  0.0  2.1886045800000002  0.0  1.0  0.0  -3.141513198  0.0  0.0  1.0  1.6409836024  0.0  0.0  0.0  1.0
1807261650960;16.500132258179224;6.321131206702391;1.0  0.0  0.0  2.1387652757777778  0.0  1.0  0.0  4.932627880666667  0.0  0.0  1.0  -11.008108477166667  0.0  0.0  0.0  1.0
1807261650991;6.090238403131256;8.854568003794423;1.0  0.0  0.0  2.8645192533333335  0.0  1.0  0.0  3.378838685333333  0.0  0.0  1.0  -2.1957198309333337  0.0  0.0  0.0  1.0
1807261651022;18.00713753417378;5.141909270948602;1.0  0.0  0.0  1.9777533991527776  0.0  1.0  0.0  6.282346060277778  0.0  0.0  1.0  -11.644203929666668  0.0  0.0  0.0  1.0
1807261651053;17.655152207016677;8.812542482023414;1.0  0.0  0.0  0.9289061684871796  0.0  1.0  0.0  2.0970206464102565  0.0  0.0  1.0  -5.706361907346155  0.0  0.0  0.0  1.0
1807261651084;7.048108031378534;8.86344461268636;1.0  -0.0  0.0  5.6214590300000005  -0.0  1.0  -0.0  1.753683582222222  -0.0  0.0  1.0  -3.3003902299444445  -0.0  0.0  -0.0  1.0
1807261651115;29.330989838652297;5.416996379669676;1.0  -0.0  -0.0  -4.814536425  -0.0  1.0  0.0  1.394729495  -0.0  -0.0  1.0  -8.706483994666668  -0.0  0.0  -0.0  1.0
1807261651146;12.978837113850958;0.7940005461777501;0.7095114061459121  -0.6391583523633819  -0.2967661792606728  -4.632918936617959  0.5926353878609248  0.7690519671017275  -0.2394626671360153  -2.387944585869122  0.38128317770888054  -0.005972646071027735  0.924439000635049  9.193134906241715  0.0  0.0  0.0  1.0
1807261651177;4.659029665212119;9.119541724870924;1.0  0.0  0.0  -0.10591068573684198  0.0  1.0  0.0  5.926510368789473  0.0  0.0  1.0  -4.057779491842105  0.0  0.0  0.0  1.0
1807261651208;13.18942876420926;6.639328857065734;1.0  -0.0  -0.0  -3.333074725307693  -0.0  1.0  0.0  8.927169764615384  -0.0  -0.0  1.0  -4.189107885538462  -0.0  0.0  -0.0  1.0
1807261651239;14.502722552119096;0.24768961763143468;0.8004897658695607  -0.4702818454297087  -0.37155231206025585  -0.027659535580334196  0.18114538393893528  0.7807755597338476  -0.5979764838184783  -2.203807351313223  0.5713164487529746  0.4113690693058042  0.7101922304578999  -8.383006209382755  0.0  0.0  0.0  1.0
1807261651270;5.3367863312056185;6.068869616332974;1.0  0.0  0.0  6.066151065394285  0.0  1.0  0.0  -0.2143264394285711  0.0  0.0  1.0  3.0025046708514287  0.0  0.0  0.0  1.0
1807261651301;18.499291020604566;6.357212987672198;1.0  -0.0  -0.0  -9.366439964871796  -0.0  1.0  0.0  3.6873013823076928  -0.0  -0.0  1.0  3.6952940674102566  -0.0  0.0  -0.0  1.0
1807261651332;12.390821196249583;7.370669361215776;1.0  0.0  0.0  0.19642558799999976  0.0  1.0  0.0  7.907362979444445  0.0  0.0  1.0  -2.304046399388889  0.0  0.0  0.0  1.0
1807261651363;14.174233102738592;9.74781247128971;1.0  0.0  0.0  -4.593678664846153  0.0  1.0  0.0  -0.26322943025641043  0.0  0.0  1.0  1.4110807993205126  0.0  0.0  0.0  1.0
1807261651394;15.37282925956283;3.8275739850884714;1.0  0.0  0.0  5.469915784460525  0.0  1.0  0.0  3.1158831297302627  0.0  0.0  1.0  11.799149129210527  0.0  0.0  0.0  1.0
1807261651425;13.890754583273365;6.052907237692057;1.0  -0.0  0.0  3.1974363660080973  -0.0  1.0  -0.0  4.1231075451417  -0.0  0.0  1.0  -13.39823437685425  -0.0  0.0  -0.0  1.0
1807261651456;9.3716141831985;5.525525929909754;1.0  0.0  0.0  3.124153403367741  0.0  1.0  0.0  1.5112116240000004  0.0  0.0  1.0  -7.416025036451614  0.0  0.0  0.0  1.0
1807261651487;17.785414458371655;5.419736440362664;1.0  0.0  0.0  -8.307988061986668  0.0  1.0  0.0  4.166005882833335  0.0  0.0  1.0  -2.41024320372  0.0  0.0  0.0  1.0
1807261651518;16.45702919953805;3.1541051743449855;1.0  -0.0  0.0  0.08246127619230759  -0.0  1.0  -0.0  0.33629718266538466  -0.0  0.0  1.0  -12.558736000538465  -0.0  0.0  -0.0  1.0
1807261651549;5.869275751550298;4.820282445864734;1.0  0.0  0.0  1.2703554459677413  0.0  1.0  0.0  -6.656529491666666  0.0  0.0  1.0  -4.160872140784946  0.0  0.0  0.0  1.0
1807261651580;10.82780923860347;6.444815514137535;1.0  -0.0  0.0  -0.3452518071428572  -0.0  1.0  -0.0  -0.5195908142857144  0.0  -0.0  1.0  3.121945728785714  -0.0  0.0  -0.0  1.0
1807261651611;22.621753926741967;9.972114447924147;1.0  0.0  0.0  7.917934036000001  0.0  1.0  0.0  2.2435611939999998  0.0  0.0  1.0  1.1509895726  0.0  0.0  0.0  1.0
1807261651642;7.769711969705423;7.303228901646948;1.0  -0.0  0.0  1.5425252556923077  -0.0  1.0  -0.0  5.171832428365384  -0.0  0.0  1.0  -7.290324656788462  -0.0  0.0  -0.0  1.0
1807261651673;8.158437860854828;10.479979611775763;1.0  0.0  0.0  4.0372229104492305  0.0  1.0  0.0  2.774488985076924  0.0  0.0  1.0  0.748917159356923  0.0  0.0  0.0  1.0
1807261651704;36.66570801263619;4.936260857011311;1.0  0.0  0.0  -9.46522595  0.0  1.0  0.0  -5.93815634  0.0  0.0  1.0  -0.3946465855  0.0  0.0  0.0  1.0
1807261651735;13.857565236918324;6.397125350968708;1.0  -0.0  0.0  -3.178385803991903  -0.0  1.0  -0.0  -3.422413725910932  0.0  -0.0  1.0  6.607581754724697  -0.0  0.0  -0.0  1.0
1807261651766;22.45262214999514;4.371896561327949;1.0  -0.0  -0.0  -5.092887328571429  -0.0  1.0  0.0  1.58177625  -0.0  -0.0  1.0  -7.9146534518095235  -0.0  0.0  -0.0  1.0
1807261651797;21.051230087920704;9.47534600380416;1.0  0.0  0.0  -5.541319964846154  0.0  1.0  0.0  5.209291403076923  0.0  0.0  1.0  5.760550092653846  0.0  0.0  0.0  1.0
1807261651828;3.434283833819833;4.999886400949243;1.0  0.0  0.0  0.2840677700855263  0.0  1.0  0.0  0.9953155563552625  0.0  0.0  1.0  -3.5452303520394737  0.0  0.0  0.0  1.0
1807261651859;30.81758641329856;7.780318589785909;1.0  0.0  0.0  -5.042864198179487  0.0  1.0  0.0  12.235306603076923  0.0  0.0  1.0  -1.3617965740128204  0.0  0.0  0.0  1.0
1807261651890;5.456298175072451;9.147819778658999;1.0  0.0  0.0  -4.457027309289474  0.0  1.0  0.0  5.764058255105263  0.0  0.0  1.0  -2.7374927082894738  0.0  0.0  0.0  1.0
1807261651921;13.250946855243232;8.383344909311317;1.0  -0.0  0.0  2.840370231875  -0.0  1.0  -0.0  0.36253427749999995  -0.0  -0.0  1.0  3.6154968303333335  -0.0  0.0  -0.0  1.0
1807261651952;9.163995689044379;2.345915023011841;1.0  0.0  0.0  -5.81424277278226  0.0  1.0  0.0  -1.8926972893124998  0.0  0.0  1.0  4.080569930048387  0.0  0.0  0.0  1.0
1807261651983;6.588263075805257;8.14896684750591;1.0  0.0  0.0  0.2047045851538462  0.0  1.0  0.0  3.246355133076923  0.0  0.0  1.0  0.7177245526538459  0.0  0.0  0.0  1.0
1807261652014;17.758751011909293;3.6717794397689634;1.0  -0.0  -0.0  -2.3938155409090904  -0.0  1.0  0.0  0.6853697322727272  -0.0  -0.0  1.0  8.808948369045455  -0.0  0.0  -0.0  1.0
1807261652045;29.809431639619387;8.048780598206106;1.0  0.0  0.0  1.2367857459999998  0.0  1.0  0.0  -4.78553196  0.0  0.0  1.0  8.549163242799999  0.0  0.0  0.0  1.0
1807261652076;4.484716985902588;6.5218411175338815;1.0  -0.0  0.0  1.1039371386  -0.0  1.0  -0.0  0.8666803660000001  -0.0  -0.0  1.0  2.465990785333333  -0.0  0.0  -0.0  1.0
1807261652107;29.336704611392904;5.695552960661609;1.0  0.0  0.0  -3.7179802953200007  0.0  1.0  0.0  1.8676721957500009  0.0  0.0  1.0  15.005631146279999  0.0  0.0  0.0  1.0
1807261652138;8.336172594373753;3.3577550686615845;1.0  -0.0  0.0  2.905893703333333  -0.0  1.0  -0.0  -0.4104184533333333  0.0  -0.0  1.0  1.7874649811666667  -0.0  0.0  -0.0  1.0
1807261652169;11.016264409904746;2.994139223709262;1.0  -0.0  -0.0  -1.8581514000000001  -0.0  1.0  0.0  2.403138785  -0.0  -0.0  1.0  -1.8652140696666668  -0.0  0.0  -0.0  1.0
1807261652200;7.691976379282801;4.267773105718704;1.0  0.0  0.0  1.45144632  0.0  1.0  0.0  0.175962386  0.0  0.0  1.0  -2.3575026355000004  0.0  0.0  0.0  1.0
1807261652231;30.250277525569288;9.18365176179193;1.0  -0.0  0.0  1.0897340583333335  -0.0  1.0  -0.0  7.776733893333334  -0.0  -0.0  1.0  4.520154705333333  -0.0  0.0  -0.0  1.0
1807261652262;34.4089756725358;8.283453694698757;1.0  0.0  0.0  1.231282537666667  0.0  1.0  0.0  1.8175500083333334  0.0  0.0  1.0  -11.4972594172  0.0  0.0  0.0  1.0
1807261652293;40.84770933151314;10.859438262381726;1.0  0.0  0.0  -12.631497964846155  0.0  1.0  0.0  8.340252103076924  0.0  0.0  1.0  6.470630842653847  0.0  0.0  0.0  1.0
1807261652324;17.8904122783438;10.019741973907395;1.0  -0.0  0.0  1.9723795909090909  -0.0  1.0  -0.0  -5.350738485454546  0.0  -0.0  1.0  1.3200204279545455  -0.0  0.0  -0.0  1.0
1807261652355;3.608779537763446;6.767976267123108;1.0  -0.0  0.0  2.1945695279999997  -0.0  1.0  -0.0  -3.213499256  0.0  0.0  1.0  -3.2253555854999996  -0.0  0.0  -0.0  1.0
1807261652386;28.030315095757214;10.629199624456572;1.0  -0.0  0.0  -6.928334430000001  -0.0  1.0  -0.0  -5.62790084  0.0  -0.0  1.0  -8.410093465500001  -0.0  0.0  -0.0  1.0
1807261652417;16.760798496759268;6.8639102556368545;1.0  -0.0  0.0  6.381117830000001  -0.0  1.0  -0.0  6.07690489  -0.0  0.0  1.0  -6.373133855499999  -0.0  0.0  -0.0  1.0
1807261652448;11.541073086658493;6.841785421461223;1.0  -0.0  0.0  0.570630423501832  -0.0  1.0  -0.0  -0.4591419987179486  0.0  0.0  1.0  -8.718069493395603  -0.0  0.0  -0.0  1.0
1807261652479;17.131314427617824;8.263468499438755;1.0  0.0  0.0  -0.16199256999999978  0.0  1.0  0.0  6.312194251999999  0.0  0.0  1.0  0.010727702400000011  0.0  0.0  0.0  1.0
1807261652510;16.88386035870282;7.432680593166632;1.0  0.0  0.0  5.74627981718  0.0  1.0  0.0  5.086654619500001  0.0  0.0  1.0  5.81409815878  0.0  0.0  0.0  1.0
1807261652541;12.460236884144733;6.272305434086789;1.0  -0.0  0.0  4.211350412633484  -0.0  1.0  -0.0  3.666179278733032  -0.0  -0.0  1.0  10.854933590638009  -0.0  0.0  -0.0  1.0
1807261652572;42.08124229642907;10.81816056836461;1.0  0.0  0.0  -6.839440298179487  0.0  1.0  0.0  9.536012936410255  0.0  0.0  1.0  -11.961641240679487  0.0  0.0  0.0  1.0
1807261652603;27.455101979184786;12.423690186519611;1.0  0.0  0.0  -2.24079692032  0.0  1.0  0.0  8.894734271473684  0.0  0.0  1.0  -13.235634320825262  0.0  0.0  0.0  1.0
1807261652634;28.71491398766282;8.981215924740512;1.0  0.0  0.0  0.2403759133333332  0.0  1.0  0.0  -4.0192603479999995  0.0  0.0  1.0  7.968823035733333  0.0  0.0  0.0  1.0
1807261652665;10.293881191059828;6.491054741101818;1.0  0.0  0.0  3.147803116666667  0.0  1.0  0.0  0.8030842586666667  0.0  0.0  1.0  -3.545892030933333  0.0  0.0  0.0  1.0
1807261652696;33.77779932650991;9.40257661383159;1.0  0.0  0.0  -0.4089417088461539  0.0  1.0  0.0  -0.6041064969230767  0.0  0.0  1.0  -11.254921240679487  0.0  0.0  0.0  1.0
1807261652727;26.404805354969792;6.798010251875841;1.0  0.0  0.0  -3.8556172036533343  0.0  1.0  0.0  11.542202390333333  0.0  0.0  1.0  -7.769489437053333  0.0  0.0  0.0  1.0
1807261652758;11.706876263611738;7.675374073699824;1.0  -0.0  0.0  1.989553787375  -0.0  1.0  -0.0  7.62108891625  -0.0  -0.0  1.0  5.793529452  -0.0  0.0  -0.0  1.0
1807261652789;37.4807323049303;10.327428369797598;1.0  0.0  0.0  10.436973535153847  0.0  1.0  0.0  5.036922803076923  0.0  0.0  1.0  5.828457442653846  0.0  0.0  0.0  1.0
1807261652820;24.622197736499775;6.952498908914025;1.0  0.0  0.0  2.295047106666667  0.0  1.0  0.0  0.6644573299  0.0  0.0  1.0  -8.947723364266666  0.0  0.0  0.0  1.0
1807261652851;31.035011037167635;10.422769495238986;1.0  0.0  0.0  5.410581535153846  0.0  1.0  0.0  6.668935603076923  0.0  0.0  1.0  -7.516691157346154  0.0  0.0  0.0  1.0
1807261652882;15.670251551388807;8.507387536577651;1.0  -0.0  0.0  6.15397301  -0.0  1.0  -0.0  10.229365889999999  -0.0  0.0  1.0  -2.7851703855  -0.0  0.0  -0.0  1.0
1807261652913;15.719459525657804;4.985356082959221;1.0  -0.0  0.0  -1.0274513499999998  -0.0  1.0  -0.0  -7.06671404  0.0  -0.0  1.0  6.808086931166667  -0.0  0.0  -0.0  1.0
1807261652944;19.564049308117394;11.684259478626721;1.0  0.0  0.0  1.7262458720716667  0.0  1.0  0.0  12.86896174866667  0.0  0.0  1.0  6.5091106212800005  0.0  0.0  0.0  1.0
1807261652975;27.89646367782606;10.06180066759758;1.0  0.0  0.0  -2.9916451648461537  0.0  1.0  0.0  2.5475555730769233  0.0  0.0  1.0  -9.534303407346153  0.0  0.0  0.0  1.0
1807261653006;6.365423988371116;6.995700263021718;1.0  -0.0  0.0  0.5754883847830219  -0.0  1.0  -0.0  0.649681911758242  -0.0  -0.0  1.0  2.2460358316043956  -0.0  0.0  -0.0  1.0
1807261653037;10.197467142422473;10.121866050859362;1.0  -0.0  0.0  0.41759552846153847  -0.0  1.0  -0.0  2.258610444615385  -0.0  0.0  1.0  -2.38568880626923  -0.0  0.0  -0.0  1.0
1807261653068;11.981883041146329;10.931440031648933;1.0  0.0  0.0  0.922994835153846  0.0  1.0  0.0  0.4083141530769234  0.0  0.0  1.0  1.5928704726538458  0.0  0.0  0.0  1.0
1807261653099;8.993075075233714;2.188793328401069;1.0  0.0  0.0  0.8649855709677414  0.0  1.0  0.0  -0.710343604347826  0.0  0.0  1.0  -6.9487307324516125  0.0  0.0  0.0  1.0
