# registration_from_features.py FastGlobal FastGlobal_config.json euclidean True --use_random_keypoints=True --n_keypoints=5000 --input_txt=/benchmark/point_clouds_registration_benchmark//planetary/p2at_met_global.txt --input_pcd_dir=/benchmark/point_clouds_registration_benchmark//planetary/p2at_met/ --input_features_dir=/benchmark/experiments/FCGF/3DMatch_voxelgrid_0.1/features//planetary/p2at_met/ --output_dir=/benchmark/experiments/FCGF/3DMatch_voxelgrid_0.1/results/FastGlobal
id;initial_error;final_error;transformation;status_code
27844314100030;8.25514805978553;8.070234081229342;0.6514543029409656  -0.7184529748257734  -0.2437880516836232  -53.78029207481772  -0.757203882692227  -0.5956116019485528  -0.26812142708127  -124.57272871443932  0.04742964490187108  0.3592661166715782  -0.9320291230408018  4.0456633250637895  0.0  0.0  0.0  1.0;ok
27844314100061;18.254613262465206;1.283943834023958;-0.840720370349187  -0.5373398964800523  -0.06674649452018498  -91.97912014787232  0.5414612864174622  -0.8336152458990234  -0.10911139773578943  -118.01033152372918  0.0029890117218011264  -0.12787281750050572  0.9917860698524701  -3.846870642154566  0.0  0.0  0.0  1.0;ok
27844314100092;11.393036961200517;5.058195540988605;0.16981331934623037  -0.3770603636563654  -0.9104882858839782  -69.38724395849147  -0.07148712996470641  0.916759579102297  -0.39299041257210227  -19.339667658171834  0.9828799656224695  0.13182320085444396  0.12872302394857177  61.5909131496317  0.0  0.0  0.0  1.0;ok
27844314100123;5.730996620559002;6.449894930934246;0.2481670958598135  0.7897796965178858  0.5609466315975348  -10.919628649953616  -0.9680942943210411  0.22295986802372464  0.11437803352867994  -34.4474581216459  -0.0347351383407457  -0.57143409787915  0.819912520910304  -8.518724179970304  0.0  0.0  0.0  1.0;ok
27844314100154;17.463252890934854;11.170723263441117;-0.39565536945669155  0.6976251906179988  0.5973072258354908  37.08888363996998  0.5580761369898135  0.6991571049302965  -0.44691203602947555  -31.754530694581458  -0.7293886850936294  0.1565197624604897  -0.6659532341063427  -20.415991333124946  0.0  0.0  0.0  1.0;ok
27844314100185;21.245538911824962;10.507096330885034;0.3410348291374284  -0.8961202206971395  -0.2840137239164934  -40.39242812207522  -0.25674981518450635  0.20184709458899758  -0.9451652145570645  -4.386049757496625  0.9043090056600827  0.39525472857853206  -0.16124181163204496  14.487132282368908  0.0  0.0  0.0  1.0;ok
27844314100216;3.735345017791834;1.7853187313344803;0.5958744041229238  -0.7760434180345434  -0.20661633003326457  -65.55451276810594  -0.7936106133446235  -0.5296391363175643  -0.29944044427490296  -114.68865461088346  0.12294669128495508  0.34240180870732523  -0.9314746977218619  39.98017803715012  0.0  0.0  0.0  1.0;ok
27844314100247;13.271217594661488;7.106067464625598;0.07485315063219017  -0.9101515845001398  0.4074568677446967  -84.94486838365434  -0.9625272506327838  0.04085767940191597  0.268089428779244  -68.07356528686007  -0.26064976046358834  -0.4122556770570602  -0.8729873762572394  -52.254115346401086  0.0  0.0  0.0  1.0;ok
27844314100278;11.802091764094445;9.090277512079867;0.7768010501462012  -0.541646220781496  0.32124678987482963  -62.34601765190064  0.2449910352638521  0.7298591103527207  0.6381888996805594  -26.50039990576027  -0.5801375019183861  -0.4170432238368823  0.6996537917567762  -59.18003946694631  0.0  0.0  0.0  1.0;ok
27844314100309;7.4786449486017155;0.6633184623391557;-0.9429079292058504  -0.0491422913179079  -0.3294080634179443  -1.511429451624655  0.3286572253734375  0.022880349733462035  -0.9441720806113196  -63.844466749935535  0.053935751135661916  -0.9985296814817785  -0.005423094073647528  -59.25326983448383  0.0  0.0  0.0  1.0;ok
27844314100340;12.129267711204053;5.846623168458394;-0.9213190198737864  0.1503338495116803  0.3585679814342133  -37.20550803719436  -0.11729169396972919  -0.9867250893418738  0.1123221108641666  -145.73558561466467  0.370693838827297  0.06142745114580353  0.926721504067544  28.435993463518695  0.0  0.0  0.0  1.0;ok
27844314100371;7.9537134708169095;5.388518358776861;0.6421619721554438  0.31351098892276896  -0.6995275986993654  9.391073022753412  -0.6015860718929464  0.7716810457807488  -0.20640388001960033  -18.189021963871422  0.47510230437438006  0.5533707829361784  0.6841480665548614  49.35865235110959  0.0  0.0  0.0  1.0;ok
27844314100402;10.041005189608843;8.273372414813497;0.6138855611144338  -0.49079111040068113  -0.6182787428069012  8.979444793045948  0.4890221517742128  0.8512817009621276  -0.1902019996770459  -5.401745108310197  0.6196788304673122  -0.18558973990685446  0.7625972695413815  9.63747662747124  0.0  0.0  0.0  1.0;ok
27844314100433;14.948099295064864;2.3334620410257783;-0.48052962746475386  -0.8325784910943367  -0.2755074106002642  -52.24910078281096  -0.78161529753548  0.5490610880033677  -0.2959889327307407  -10.990035589686785  0.3977044176107548  0.0731093551307618  -0.9145962051119911  -0.8156851895601479  0.0  0.0  0.0  1.0;ok
27844314100464;4.885279199605914;1.5331071182657985;-0.2685285084619881  0.5926577271249865  -0.7593742546480121  59.28096518923518  -0.38253515983119163  0.657891400449345  0.6487262571437391  -25.195753611413124  0.8840584209406656  0.46468884610440647  0.05004982187831594  14.936460399256008  0.0  0.0  0.0  1.0;ok
27844314100495;16.561379805028597;3.7570573667157103;-0.01919826378444098  0.9993802137349383  0.029506186855841356  -19.278414153219497  -0.9831400725897268  -0.024237322992966635  0.18124058552764288  -32.86048824219878  0.18184340608317662  -0.025529210117891974  0.9829960503963504  -2.921129726268417  0.0  0.0  0.0  1.0;ok
27844314100526;4.988304393065182;8.65720499077133;0.9877543471942606  0.12993222351864722  -0.08636531068860452  11.905476268797008  -0.11560376190393437  0.9812669120642307  0.15411365131483057  7.2618969253355  0.10477175111878893  -0.14224227423459956  0.9842713119806313  -1.9608713593876899  0.0  0.0  0.0  1.0;ok
27844314100557;9.320673570551051;2.205376268464855;0.14799594997097473  0.1148555497643807  -0.9822959846606873  -16.822380997720693  0.29631820985940227  0.9424540804251564  0.1548412890533144  2.6450347450532923  0.9435532403091569  -0.3139880713949093  0.10544559603794362  19.121078933777287  0.0  0.0  0.0  1.0;ok
27844314100588;15.876582942655952;8.028188184241204;0.9356546051158782  -0.29670050254012514  -0.1911001614805442  -2.637524634767394  0.2954492121907427  0.9546918091616247  -0.035683505090932335  5.151111216819345  0.19302907278781206  -0.023072956293943667  0.9809217174405589  16.832773360592583  0.0  0.0  0.0  1.0;ok
27844314100619;9.309458685747938;8.543453388333225;0.20093455141589783  0.8984858766966113  0.39031837700013006  60.85495113859984  0.9583958734842506  -0.09784386680561176  -0.2681490768525708  -66.69153930940789  -0.20273789911028564  0.4279599363319525  -0.8807653700952933  12.516495309139906  0.0  0.0  0.0  1.0;ok
27844314100650;9.597630741965057;7.4978685482819705;0.07157463557888982  0.22154836967637048  -0.9725190956662448  13.042616936637623  0.21326883527223767  -0.955870435541478  -0.2020596801921822  -144.24520246169925  -0.9743682442708066  -0.19294566683780795  -0.11566544084185869  -20.54162634146061  0.0  0.0  0.0  1.0;ok
27844314100681;7.297471098873371;3.083188997151497;0.8587429387045866  0.0418853334972328  0.510691868021057  1.636335336316048  0.4783733295029145  0.29163264883903367  -0.8283171830593788  -1.5322357619611928  -0.18362876366546585  0.9556129012152124  0.23040065144382255  -2.20352395510321  0.0  0.0  0.0  1.0;ok
27844314100712;8.650942383577325;1.4269291518245257;0.5479884970854176  0.7836841823640706  -0.2924854002756789  7.516725833060863  -0.6196659520361744  0.6151999830101308  0.4873839234027287  -15.074505755060843  0.5618920847895686  -0.08583753967054526  0.8227449190570181  5.277286604491559  0.0  0.0  0.0  1.0;ok
27844314100743;12.733448885097749;8.929412130312388;0.23780507035271184  -0.9650670099884067  -0.10997460955410726  -0.20124371733244886  -0.8015801440700195  -0.13104393411100707  -0.5833496035529621  1.843341537304022  0.5485599521904878  0.22687695688356377  -0.8047414648742952  -15.421875353400614  0.0  0.0  0.0  1.0;ok
27844314100774;4.598125342275049;7.03949977942501;0.9903181659832171  -0.04500148824262161  0.13131944326559647  -18.619034681172025  0.04460591011191061  0.9989869191175993  0.005953840358451247  -3.244906932362894  -0.13145433772502588  -3.857298208700506e-05  0.991322225921218  -4.383477298621354  0.0  0.0  0.0  1.0;ok
27844314100805;11.913189233062756;5.009679508212511;0.625886590641644  -0.6873678109368321  0.3684989391340024  3.141979227165409  0.7668198612868793  0.6285727653492937  -0.12993682694721545  12.244670158749171  -0.14231400490095586  0.3638980230078844  0.9205025545103092  8.011291114450977  0.0  0.0  0.0  1.0;ok
27844314100836;8.640990576611113;4.222386326829589;0.8067920700326972  -0.5728959527298535  0.1444880032324811  -23.012534452279624  0.21512426300378984  0.057072590777507946  -0.9749175713100142  -42.62865467319613  0.5502800261679792  0.8176386406767328  0.16928953326437846  55.839230407438016  0.0  0.0  0.0  1.0;ok
27844314100867;6.409696132856093;8.968841246730276;-0.5637210121319379  0.8124584023826755  -0.1487614361275527  53.745546471495345  0.5054340452486994  0.4817654417944328  0.7158480879321738  -40.333608569919946  0.6532649128680322  0.3283495142228827  -0.6822254393711205  33.40580320615923  0.0  0.0  0.0  1.0;ok
27844314100898;22.51393585655328;13.525479756669625;-0.41886122428596584  0.7325206298739471  0.5366272464185352  18.075760490979693  0.4315955720033632  -0.35934598178328536  0.827403001930315  -17.857368500155665  0.7989246128495189  0.578172977737012  -0.16563656238272015  -4.717007594568553  0.0  0.0  0.0  1.0;ok
27844314100929;11.356473587102732;0.15391340749022747;-0.278734889279079  0.3292351609143342  0.9021702003038522  -5.180468788280815  0.8692689061479073  0.48584118818872885  0.0912683333023236  23.41278878051632  -0.4082626976629142  0.8096681719550782  -0.4216147779904354  -21.067186629918925  0.0  0.0  0.0  1.0;ok
27844314100960;8.931837190512656;15.059888302058104;0.3616091371037187  0.43179014326566195  -0.826314773038533  37.630008211460755  0.9062037404636947  -0.37112223085728685  0.20264024904525071  -108.45187032445385  -0.21916571979375454  -0.8220861037276639  -0.525491032583007  -52.92294577585625  0.0  0.0  0.0  1.0;ok
27844314100991;2.730399263403318;0.23366229672078967;0.9678083135461707  -0.03823164681715935  -0.2487677821032406  -4.016009286186578  -0.1589393727036309  0.6735480287797462  -0.7218527057035202  -2.4571624233811047  0.19515466695801548  0.7381540449720265  0.6457888678631288  4.2911507367209545  0.0  0.0  0.0  1.0;ok
27844314101022;3.041428404015584;2.589138413354899;-0.3253420892939346  -0.813693517646086  0.4817212723916155  -12.278282117495584  -0.8398453052484679  0.48274913911278333  0.2482199265529915  -11.297681258040505  -0.4345254747261236  -0.3238149595472803  -0.8404352942299773  -11.080780987641477  0.0  0.0  0.0  1.0;ok
27844314101053;13.922293338744243;11.958933348550078;0.2159412893228332  -0.2613418937990654  0.9407814699020755  -14.966100134317678  -0.9723569957394081  -0.14521817509951246  0.1828484466912383  11.192608924986342  0.08883260889011076  -0.9542599730504708  -0.28547621867940487  13.215887355418134  0.0  0.0  0.0  1.0;ok
27844314101084;10.548695585317239;4.5885780771608315;0.032408100804703376  -0.9635990781394446  -0.2653799759044455  -113.82674614083216  0.9380395176297037  0.12097917269616938  -0.324724349470103  -78.82997222952122  0.3450095337338717  -0.23841320513461964  0.9078147196703606  -4.6864165160571964  0.0  0.0  0.0  1.0;ok
27844314101115;4.29501463992423;5.880848330137942;0.33038690053112013  -0.3816294772759438  0.8632516655249086  -30.220080270822873  0.8475388369049842  -0.28253683275436065  -0.4492781522340943  -100.58535012121135  0.41535817783593365  0.8800749287482418  0.2300993348395191  76.73318479449999  0.0  0.0  0.0  1.0;ok
27844314101146;10.908480138287771;5.649884858018895;-0.14367952977785797  0.9330817508649821  -0.32971903027510413  106.48133901091968  -0.1785121004937995  0.3032740168410074  0.9360332796895707  -69.82227545668964  0.9733907862210854  0.193347658149411  0.12299211514578139  32.13907638741495  0.0  0.0  0.0  1.0;ok
27844314101177;7.524206711807631;2.8893748431957462;0.9298231864962564  0.3269679306001626  0.16888106528855  13.982111184890321  -0.17363912907908136  -0.014812309261039507  0.9846979477723169  -62.43201819750719  0.3244661688167291  -0.9449193446286307  0.04300159810973377  -43.94512892306949  0.0  0.0  0.0  1.0;ok
27844314101208;16.922230612888896;8.062620959997522;0.36040856354095846  0.4889897666952215  0.7943517327945446  46.28970534365951  0.8315831201156398  -0.5542239113727908  -0.03612991006606787  -154.53594300970377  0.42258156806121944  0.673591021414329  -0.606382679670951  61.82019968344317  0.0  0.0  0.0  1.0;ok
27844314101239;4.364180913661012;7.5949243804006175;-0.5254496778743274  0.787582355064654  -0.32189543335154835  79.2802140013792  -0.2961731126074099  -0.5239852062659374  -0.7985743490639324  -142.34729481936472  -0.7976115115707675  -0.32427386204450404  0.5085885753775207  -29.97476289233564  0.0  0.0  0.0  1.0;ok
27844314101270;10.750787185090434;4.32811987903566;0.1066811831841174  -0.7246079159135314  0.6808542379613168  -34.64976810222667  0.9855966659415586  -0.013303565434049336  -0.16858892974221884  -64.18954760564432  0.13121866193236958  0.6890329334234981  0.7127519059381651  26.36882050363565  0.0  0.0  0.0  1.0;ok
27844314101301;12.136609705377092;4.829950577801516;0.018517242512140247  -0.6178779731617214  0.7860559280428524  -28.956362850429485  -0.9928028806915763  -0.10440075192952375  -0.05867642701339923  -14.577255672034036  0.11831970174174367  -0.7793120641168816  -0.6153642457127565  -11.80377378556402  0.0  0.0  0.0  1.0;ok
27844314101332;6.93511248720397;9.20237488582562;0.7336078951249858  0.2828924628745353  0.6178926368383659  19.135610820240306  -0.36985868196098093  -0.5965717624152764  0.7122546508565689  -127.47062990007609  0.5701087717167441  -0.7510485914623034  -0.3330195214610027  -63.508255726047175  0.0  0.0  0.0  1.0;ok
27844314101363;7.846083934233326;4.279270802020845;0.5807219873876925  0.7145833933975226  -0.3900417250051216  72.0603620630561  0.0408322150861564  0.45293750575895336  0.8906067291953378  -47.85615890590141  0.8130773047968115  -0.533121177367152  0.2338527456905608  -52.78393965580701  0.0  0.0  0.0  1.0;ok
27844314101394;13.188485369631842;3.124182282333128;-0.5072183674701072  0.8606450931662359  0.04493941821873974  11.587792193191872  -0.7384332527786318  -0.40712422406538845  -0.5375557621028018  -99.74006706066734  -0.4443488031847585  -0.30584291685117565  0.8420298399226942  -46.495833761102375  0.0  0.0  0.0  1.0;ok
27844314101425;12.438216353383408;7.595467392911544;0.9986226821488304  0.011999678027833666  0.051075888882154585  3.2876538207895116  -0.0207681077284713  0.9843880412661054  0.17478235012053994  -1.5131375695753349  -0.04818116228623483  -0.17560236883228184  0.9832814366503818  -2.559802428705229  0.0  0.0  0.0  1.0;ok
27844314101456;13.306910692380827;4.227807322334042;0.8738146762601972  0.2775727987129655  -0.3992508647040584  29.077641398884033  -0.4457312590500296  0.7853945099815167  -0.42951031232855047  -8.530454157565963  0.1943490577748251  0.5532710051191421  0.8100121225244055  65.24547180439954  0.0  0.0  0.0  1.0;ok
27844314101487;11.82313236946607;0.019540871236145806;0.2610738360754652  0.04692623068501486  0.9641775671475336  4.7660858013420935  -0.8839388033481299  0.4130174870320641  0.21924586048815914  -12.226611421021941  -0.38793381400996235  -0.9095133227608139  0.1493079759030602  -0.2653153019899122  0.0  0.0  0.0  1.0;ok
27844314101518;11.362927960665322;0.6232409529193944;-0.11963027761865455  -0.3302530913101738  -0.9362806696482412  -16.116649157449707  0.9569565268051924  0.2128179776678059  -0.19733908428471164  -1.7008763327866776  0.26442920126534253  -0.9195876271794112  0.29057837747622106  -5.751842020682483  0.0  0.0  0.0  1.0;ok
27844314101549;8.602285728694131;0.02493108997290181;-0.5686413824359633  0.8023169347758017  0.18147868842725728  -38.142089098772416  -0.8098251770061998  -0.5847350922187707  0.04762409699703521  -11.52806130988391  0.1443265771373807  -0.11988497862479812  0.982241024917988  5.5711208651669795  0.0  0.0  0.0  1.0;ok
27844314101580;8.529178899059035;2.464123463999305;0.8588447713946727  0.06744809135917688  -0.5077759482488677  2.9223579491004084  0.3507706985573963  0.6449610808891615  0.6789588508678859  4.055271263218494  0.3732902030345675  -0.7612331831379188  0.5302626379522908  -33.21927757733193  0.0  0.0  0.0  1.0;ok
27844314101611;6.93882088669962;0.7323600026374789;0.9929108310123962  0.07539165839511332  -0.0918922167689219  -5.85422755621315  0.05925085641110893  0.3562620732904437  0.9325055877308966  10.500834177096655  0.10304085438709316  -0.9313395905786618  0.3492694509228487  11.4873021995133  0.0  0.0  0.0  1.0;ok
27844314101642;12.547467573926795;3.401895650586479;0.5730274032470669  0.7830338476152418  -0.24186274747632164  16.16222372829089  0.8084525089137179  -0.5884727097171447  0.010218157822191369  -51.3140230839013  -0.1343284629519743  -0.20138982945281586  -0.9702566673998813  -12.58118659553108  0.0  0.0  0.0  1.0;ok
27844314101673;7.735611437978944;5.48258557347354;0.9862543169108002  0.16420588173292838  -0.018407899910695497  -9.043109017011869  -0.16224777191638484  0.9834848919906239  0.08020678109959721  -3.2812435697517928  0.03127431666686381  -0.07611764335882723  0.9966082587890385  -10.407064456639034  0.0  0.0  0.0  1.0;ok
27844314101704;7.852471669750546;9.188904200606773;0.8274149030791321  -0.379248022192743  0.41419260715933054  -29.214320685663996  0.40231841649558886  0.914868656646675  0.03398871627450551  -24.38354161912117  -0.39182198752881786  0.1385145434544672  0.9095544246171129  18.026633356946505  0.0  0.0  0.0  1.0;ok
27844314101735;7.401041431938578;12.404127585991107;0.7160148006905956  0.2804093510640464  -0.6392913271958622  -3.828501508991666  -0.4889994361317974  -0.45209132470852786  -0.7459845746301138  -101.62844684889606  -0.4981991134624684  0.8467490950447639  -0.18658406519872256  45.02011943194624  0.0  0.0  0.0  1.0;ok
27844314101766;17.078219758060158;2.263233522606126;0.2493476209154007  -0.41604554248220904  -0.8744894913745472  1.419126085803499  0.9679515379790079  0.07916717426245601  0.23833249598695852  -48.202951921679144  -0.029926310629697025  -0.90589108898365  0.4224520692719026  -42.60260769998055  0.0  0.0  0.0  1.0;ok
27844314101797;5.658008245397112;4.5464322966823225;0.7020146424521776  0.44860772836361107  0.5531062717373411  29.853307843322796  -0.2995636685900726  -0.5185919962149714  0.8008270412034227  -111.94789307375532  0.6460936853457079  -0.727882852878274  -0.22967259793495234  -49.708439401866706  0.0  0.0  0.0  1.0;ok
27844314101828;12.5320886344847;4.100139794026904;-0.4615964224374575  -0.7355156769175734  0.4959288576009918  -31.953261413304453  -0.4864065715591245  0.6773727082234389  0.5518830141417124  -6.043949172344722  -0.7418472820850923  0.01352416956888363  -0.6704324775101769  -19.296762695686205  0.0  0.0  0.0  1.0;ok
27844314101859;13.4529944032253;5.7074739421245875;-0.6791826080086267  0.698485605888575  -0.22545253013677174  1.551735449299368  0.7337074853994672  0.6543212341773956  -0.18313123265396944  -4.314669969531275  0.01960384777007973  -0.2897957571653552  -0.956887719788255  -42.75551202057281  0.0  0.0  0.0  1.0;ok
27844314101890;10.240194061984758;3.883541657557434;0.7152721301773429  0.1981691947679012  0.6701602420590219  22.809719134440112  -0.3828760266274899  0.913348082629097  0.1385684963896845  -5.074615258900339  -0.5846295647891177  -0.35570247427139623  0.7291666625482087  -42.38746725504423  0.0  0.0  0.0  1.0;ok
27844314101921;5.397783735251671;1.7126740153679985;-0.4118671232235566  -0.7269571961174697  -0.5494530988360866  -26.38747951384629  0.8198491291721989  -0.032420025888285346  -0.5716610423292746  -33.027218288911165  0.39775982477261496  -0.6859170335648693  0.6093479669798116  -29.065877359523974  0.0  0.0  0.0  1.0;ok
27844314101952;13.302221162145246;0.1218141874367242;-0.057788112434105615  -0.9966058720249182  0.058628234723178324  6.022575288718002  0.9964025216577397  -0.06122350451412575  -0.05859775873789549  25.811164206824092  0.06198829643891587  0.05503106704818476  0.9965585947470124  8.026408455339677  0.0  0.0  0.0  1.0;ok
27844314101983;10.786030333388112;6.845260324197978;0.36099182257918794  -0.9218861432168471  -0.14075099635783878  -5.9265637999445975  -0.9318433659763526  -0.36253159187729467  -0.015452707749048592  -2.070968694196594  -0.03678104561889508  0.1367361833447266  -0.9899244268364613  -13.632227204606025  0.0  0.0  0.0  1.0;ok
27844314102014;18.0742117342998;1.1148853985616327;0.2458020353395318  0.8412905036451611  -0.4814682210690702  34.44825460813813  -0.7435540839452656  0.48230586938093867  0.46315048592116714  -15.217233330668694  0.6218590545061314  0.24415432995785272  0.7440967541197666  0.17081337598708152  0.0  0.0  0.0  1.0;ok
27844314102045;5.527522965939232;3.9889327689403986;-0.7465793955949571  0.41111698139982866  0.5230698172115841  3.845561419351613  -0.2989880905427501  -0.909684195575867  0.28823737792501736  -132.96115238246702  0.5943276266392705  0.058800441530497786  0.8020705581737498  8.764798974580449  0.0  0.0  0.0  1.0;ok
27844314102076;12.493376219654579;1.439749910758089;0.3907186076256256  0.9182517941316674  -0.06444076527375622  50.368125225493536  0.8971192044604724  -0.3641746461008943  0.2501078969674813  -72.46987383753721  0.206194332228847  -0.155532857336524  -0.9660711297029004  -23.8182478681678  0.0  0.0  0.0  1.0;ok
27844314102107;8.343901768612296;1.6398749373343295;0.25084149620216223  -0.9679899976370822  0.008596991195955125  -12.698884258825505  0.9521830244278727  0.24512560260682875  -0.18237578495520315  10.811333188155228  0.1744305930003349  0.05393332384715174  0.9831913164813597  -2.5776699844955564  0.0  0.0  0.0  1.0;ok
27844314102138;13.87509329082704;7.069908918867275;0.9768726230486854  -0.2050177681102092  0.06072555555191296  6.641896786902425  -0.15517619033145363  -0.8751381385658749  -0.4583160354838909  -147.4591023000318  0.14710618033310652  0.43829322740211607  -0.886712365156391  27.240318391657098  0.0  0.0  0.0  1.0;ok
27844314102169;7.705699284700314;9.082203335925655;-0.3552825795816991  -0.4589274951747906  -0.8143462671482962  -23.20254448829528  -0.4592092245461311  -0.67312225310281  0.5796838107706085  -8.35101557102045  -0.8141874334190593  0.5799068774815368  0.02840487127409859  5.270697390390547  0.0  0.0  0.0  1.0;ok
27844314102200;9.927306232657786;0.9172094101676515;0.802588018289945  -0.2954985655683883  -0.5182017663463185  -13.31097024688231  0.5406997591202005  0.7273046984432823  0.42269568972214916  11.940007598064899  0.2519846094204495  -0.619442066192917  0.7435020398397523  5.984606635286534  0.0  0.0  0.0  1.0;ok
27844314102231;10.28777172044756;3.706980029018132;-0.9110318488359265  -0.2707148657596018  0.31102159388594786  -49.74749190362614  -0.3701616921207391  0.8692687267047849  -0.3276464595556508  -14.59737516147158  -0.18166257757971346  -0.4136246392924412  -0.8921397680169231  -21.43215454413749  0.0  0.0  0.0  1.0;ok
27844314102262;8.065900053936286;10.184388685104063;-0.5440875925484185  -0.2428525630634575  0.80311351890525  -37.00757052448247  0.013498788395344583  0.9545370769577062  0.2977864191411261  16.845801395708836  -0.8389198259349481  0.1728629553332517  -0.5160735648400622  -15.174408654295458  0.0  0.0  0.0  1.0;ok
27844314102293;15.344797082982101;3.6095151630956375;0.2521078369053574  0.8961791582723446  -0.3651089629811548  64.14415191757956  -0.11101192491039391  -0.34802142824160387  -0.9308906692046955  -102.99488725843251  -0.9613105591319537  0.2752162817911519  0.011747643953685957  11.7717449230246  0.0  0.0  0.0  1.0;ok
27844314102324;11.120662815269634;3.083626469870213;-0.42383683586729126  -0.1342668523656546  0.8957314044499181  -22.38078943597267  0.37362819702378597  -0.9268053210356763  0.037866440137812686  -14.33640234431399  0.8250844241353481  0.35071970183577444  0.44298011670216897  9.46778073480096  0.0  0.0  0.0  1.0;ok
27844314102355;17.817093029370866;4.641601193758168;0.9839645872151668  -0.14008236331971663  -0.11041115248582399  5.265206107831504  0.14913960358290296  0.9856934115295225  0.07852309921561794  -4.848579093152457  0.09783184425134582  -0.09373062441941857  0.990779238930815  -9.266273931428051  0.0  0.0  0.0  1.0;ok
27844314102386;12.63937571910971;8.357765768783242;0.6610270195225272  -0.2601911022726283  -0.7038066991435347  -38.72021955408914  0.1386620904754049  -0.8794447706920234  0.455356695314173  -161.367959189688  -0.7374388816208121  -0.39859438731699237  -0.545258113440998  -23.2416825128766  0.0  0.0  0.0  1.0;ok
27844314102417;4.852742947577122;0.7858907255894926;-0.29965876949134673  0.6455937169679354  0.7024338933155607  -28.966715184567924  0.0583761925897541  -0.7224809860919135  0.6889219439634516  17.26403903272627  0.9522588104111476  0.24744691824143478  0.17881046011674223  8.499239055681516  0.0  0.0  0.0  1.0;ok
27844314102448;8.862722967927091;0.6347514818849725;0.13400861906137024  0.6779755295081573  0.7227661249708635  -16.09350287235747  -0.9360281806637966  -0.1529001268893946  0.31697444092612864  -31.272187985893137  0.32541194664684586  -0.7190067681081589  0.614114266561338  2.0530484889501044  0.0  0.0  0.0  1.0;ok
27844314102479;8.845893092482761;5.140484129136658;-0.7485640457897249  -0.6139961723843123  0.2503209333002989  -23.35819300619846  0.03872501492256306  -0.4173614106808513  -0.9079150985052168  -118.29993601206243  0.6619306931772883  -0.6699389174931581  0.33619875707374425  -58.85728953459904  0.0  0.0  0.0  1.0;ok
27844314102510;12.811880642128816;14.321603746431368;-0.10942249664722763  -0.8917022096572746  -0.43919686533469304  -16.979037555717586  -0.5000610152288888  -0.33248054853610814  0.7996222019762702  -20.28147682550808  -0.8590492990950751  0.3071218880794099  -0.4095246605356004  -29.93040679906099  0.0  0.0  0.0  1.0;ok
27844314102541;16.75524676312348;1.0983826609514902;0.5208314754508995  -0.40174530487336385  0.7532166250102602  -7.975117969625082  -0.7475619795206427  0.21137140368511032  0.629661191816174  -13.756512006475454  -0.41217188278049416  -0.8910234787683179  -0.19024063532481206  -7.516343593530066  0.0  0.0  0.0  1.0;ok
27844314102572;6.047632253573598;4.710272351557315;0.5988633868431151  0.7889323260143035  -0.13765329225432993  -17.723059005807933  -0.789307955554446  0.5523690888143812  -0.2681069581730921  -10.810298436942904  -0.13548282251729324  0.2692102796923473  0.9535041846319889  3.7848513312075536  0.0  0.0  0.0  1.0;ok
27844314102603;5.000465737456724;2.4298790821202556;0.544261607558473  -0.838768889759249  0.015686048256431526  -48.565710023525874  -0.35646264191204874  -0.2481472547577039  -0.900753753740331  -80.70548498041492  0.7594166757840842  0.4846541958223941  -0.43404679818286823  25.48534170352936  0.0  0.0  0.0  1.0;ok
27844314102634;4.837279463026094;0.48298671303232804;0.9940928217176275  0.06835072655448376  0.08430682053640928  2.339410882892466  0.0706073830672189  0.18265041100457718  -0.9806392939385298  -28.040716624678737  -0.08242608365003906  0.9807991667713296  0.1767453965306698  44.34360030871245  0.0  0.0  0.0  1.0;ok
27844314102665;12.464679482752736;6.215153633717823;0.1894560101397527  0.638193013609986  -0.7462011106942495  29.48427129874837  0.05507818358403522  -0.7656755044385863  -0.6408645844449515  -59.84300164666498  -0.9803432123062861  0.0803162454433825  -0.18021233809833617  20.401711378124272  0.0  0.0  0.0  1.0;ok
27844314102696;10.865537007457503;8.199589809654265;-0.6597282838865997  0.33399853789171746  0.67320395730138  -3.2349942786517563  -0.1175684923919127  -0.9306492987769911  0.34651050818494156  -124.76322757199033  0.742250793894311  0.14945520858133243  0.6532433693434438  28.783042999711913  0.0  0.0  0.0  1.0;ok
27844314102727;12.326628246065493;4.0276633436086415;-0.8584895138320023  -0.5049462436734129  0.08958261907648678  -37.73508321305056  0.5098430718226512  -0.8591943719758213  0.04295431619194229  -113.98992937974045  0.05527926152669  0.08254890771648106  0.9950527026644771  9.447319482240939  0.0  0.0  0.0  1.0;ok
27844314102758;6.140195247438461;10.125698355983108;-0.9773755674595132  -0.2114310387311245  -0.0058237440080307415  -77.27920502366987  -0.044857265171340505  0.23411069289018127  -0.9711745513736584  -69.60538726657964  0.2066998449311018  -0.9489410410218101  -0.23829828948169454  -58.95081793985663  0.0  0.0  0.0  1.0;ok
27844314102789;11.797536463677934;3.3013336829369986;-0.45862446261787176  0.744011644902719  0.48591179707598897  -10.630647019730862  -0.7559040408388211  -0.0391491943691398  -0.6535108427744626  -14.694889781207507  -0.46719662170440396  -0.6670187499833847  0.5803561870425733  4.837314030439903  0.0  0.0  0.0  1.0;ok
27844314102820;13.718009843600706;0.20026693410712043;0.06711114089808279  -0.9953631517634604  -0.06890784337700863  -15.316107356538515  0.8975993911383897  0.09038802318316184  -0.43144563770309924  7.158422893656041  0.43567353350341526  -0.03289682927810653  0.8995034023438131  -7.162624617970292  0.0  0.0  0.0  1.0;ok
27844314102851;14.126286126457847;0.11667576343679684;-0.7372015775674364  -0.0033552329518620845  -0.6756645443146494  -17.050189429380058  -0.4377868859581001  -0.7593208974154866  0.4814295558347537  -17.14789988052072  -0.514661516450564  0.6507077048567813  0.5583036864689573  -16.102391813210545  0.0  0.0  0.0  1.0;ok
27844314102882;16.65338089129532;5.9158635520859395;1.0  0.0  0.0  -2.41653738916861  0.0  1.0  0.0  9.719851720902327  0.0  0.0  1.0  -17.210110753830058  0.0  0.0  0.0  1.0;ok
27844314102913;3.662859722906877;3.4824412359863564;0.847399147232058  0.10781739306576654  0.5198943113969263  0.0384787194714871  -0.04850707528442581  0.9907914242659726  -0.12640971975428295  -2.822626316891805  -0.5287359916988187  0.08190093621874756  0.844825714410233  -12.225606493133432  0.0  0.0  0.0  1.0;ok
27844314102944;9.7034436009263;0.7605923730096801;0.7165114060127254  -0.696051428242422  0.04608485971936218  -15.759861919748948  0.6974420303907621  0.7135177438769601  -0.066835944050685  17.471072815706535  0.013638889180564497  0.08003023437688943  0.9966991232500901  4.1804994849019295  0.0  0.0  0.0  1.0;ok
27844314102975;6.173692397081572;8.288480703476178;0.230320113331406  0.4092234257254525  0.8828866480089794  22.320493234552323  0.7850371714498353  0.4579977635843161  -0.41707875514560605  -30.182221910459425  -0.5750385072645572  0.789160463017055  -0.21576950380825075  53.639294802112516  0.0  0.0  0.0  1.0;ok
27844314103006;8.779325929271323;7.165910311845912;0.631419189888486  -0.7752532148767005  -0.01709559779325582  -40.4031066525623  -0.09444115741574056  -0.0987641019577795  0.9906192608416461  -62.40193255326454  -0.7696691980497485  -0.6238814831262535  -0.13557736015147367  -19.538483406548036  0.0  0.0  0.0  1.0;ok
27844314103037;4.98361238919058;1.1640689085660296;-0.4213584427002968  -0.856150926785988  0.29910308144296105  2.9538751249520194  0.8232547377248041  -0.22275400360297318  0.5221420215731644  21.23605387532718  -0.38040596680236866  0.4662469779444581  0.7986895867474515  -5.271866267518739  0.0  0.0  0.0  1.0;ok
27844314103068;8.080951116258568;0.5752764057570086;0.3777251272073978  -0.8115328560963009  0.44580057397039696  -36.13163328670555  -0.6645132852334231  0.09768468382694499  0.7408642225765222  -32.75128333418801  -0.6447835466452586  -0.5760834366841409  -0.5023764046546687  -26.672232451315857  0.0  0.0  0.0  1.0;ok
27844314103099;5.354242761696008;0.13587281766274933;0.7757341613667984  0.6310328709382456  -0.005833239579203402  23.59526834339234  -0.619413394022002  0.7596175018058173  -0.19826320449452156  -5.541422134277076  -0.12067956825700493  0.15741272739434906  0.9801314580501822  12.299787983925148  0.0  0.0  0.0  1.0;ok
