# registration_from_features.py RANSAC RANSAC_config.json euclidean True --use_random_keypoints=True --n_keypoints=5000 --input_txt=/benchmark/point_clouds_registration_benchmark//planetary/box_met_global.txt --input_pcd_dir=/benchmark/point_clouds_registration_benchmark//planetary/box_met/ --input_features_dir=/benchmark/experiments/3DFeatNet/features/planetary/box_met/ --output_dir=/benchmark/experiments/3DFeatNet/results/RANSAC
id;initial_error;final_error;transformation;status_code
7680147070030;7.545142590457825;7.47014935818991;1.0  0.0  0.0  -6.274330139160156  0.0  1.0  0.0  0.6379292011260986  0.0  0.0  1.0  2.099236249923706  0.0  0.0  0.0  1.0;ok
7680147070061;10.640926713711309;10.640926713711309;1.0  0.0  0.0  0.0  0.0  1.0  0.0  0.0  0.0  0.0  1.0  0.0  0.0  0.0  0.0  1.0;ok
7680147070092;9.025949366333345;5.26235429360415;1.0  0.0  0.0  4.023963928222656  0.0  1.0  0.0  -12.183489322662354  0.0  0.0  1.0  16.977270245552063  0.0  0.0  0.0  1.0;ok
7680147070123;4.786994884202932;13.567567837086811;1.0  0.0  0.0  11.53625774383545  0.0  1.0  0.0  -9.379316329956055  0.0  0.0  1.0  3.500398635864258  0.0  0.0  0.0  1.0;ok
7680147070154;3.7582018651582403;6.521118505982294;1.0  0.0  0.0  1.8033409118652344  0.0  1.0  0.0  17.602577686309814  0.0  0.0  1.0  -8.809925317764282  0.0  0.0  0.0  1.0;ok
7680147070185;16.676848449888578;14.458033912794301;-0.8805968226423768  0.42415681923579135  -0.21128234343628022  -143.22033543201596  0.45895248673828026  0.874393121513401  -0.15747788405614047  63.487499446211515  0.11794850939668025  -0.23564308126025416  -0.9646556315003164  -11.256244058273328  0.0  0.0  0.0  1.0;ok
7680147070216;7.156480767462807;13.70956166017091;1.0  0.0  0.0  -5.862335205078125  0.0  1.0  0.0  17.294958114624023  0.0  0.0  1.0  2.801449775695801  0.0  0.0  0.0  1.0;ok
7680147070247;4.543534224825502;3.31520812771717;0.612199633177699  0.7905860036469395  -0.013615431489742546  -39.5421778207722  0.7447465589465666  -0.5823172280846622  -0.3259742456284604  66.58133451834871  -0.2656391764675139  0.1894212678485621  -0.9452805991938608  -30.425393603337  0.0  0.0  0.0  1.0;ok
7680147070278;7.860980928997323;16.92466263687018;0.9552582578020195  -0.26439109839567  -0.13258585139516768  0.4457603565658985  -0.09453596203608472  -0.6976825934042403  0.7101422045919007  14.221218074336328  -0.28025811813926504  -0.6658350741361289  -0.6914615255147412  -1.9384953021663778  0.0  0.0  0.0  1.0;ok
7680147070309;12.21597775439826;14.94678788129224;0.5730534978447891  0.8167601059894065  -0.06717602155549916  -22.695446967575407  0.7453153365559428  -0.5534962198329108  -0.3716812932139294  36.54587529175227  -0.34075612643407177  0.16292594604559088  -0.9259267781000805  -24.196015412896106  0.0  0.0  0.0  1.0;ok
7680147070340;9.621421568796105;8.86351743054488;-0.1943278636838268  -0.9802701741393985  -0.0361533828125887  43.73597781211471  0.979470921050057  -0.19189164316507318  -0.06176011739595008  22.963310535386768  0.053604069000714155  -0.04741289883693889  0.9974360234172641  3.123601167880577  0.0  0.0  0.0  1.0;ok
7680147070371;4.530868269138677;4.530868269138677;1.0  0.0  0.0  0.0  0.0  1.0  0.0  0.0  0.0  0.0  1.0  0.0  0.0  0.0  0.0  1.0;ok
7680147070402;11.153679177023038;18.448047300743934;1.0  0.0  0.0  -23.745006561279297  0.0  1.0  0.0  -8.291788101196289  0.0  0.0  1.0  12.672211170196533  0.0  0.0  0.0  1.0;ok
7680147070433;6.5184452824883925;12.647931937262944;0.4522679573326174  0.8828158923649344  0.12684555553146543  -7.09958965584414  -0.8477048374229345  0.4697024009453249  -0.2465282197963414  -2.0990334730484053  -0.2772186923350188  0.003969223362515175  0.9607986479413679  -24.12047888240283  0.0  0.0  0.0  1.0;ok
7680147070464;13.779157588035384;24.830549599388725;1.0  0.0  0.0  -21.78659439086914  0.0  1.0  0.0  -27.25260353088379  0.0  0.0  1.0  21.878278732299805  0.0  0.0  0.0  1.0;ok
7680147070495;6.966857986828599;6.966857986828599;1.0  0.0  0.0  0.0  0.0  1.0  0.0  0.0  0.0  0.0  1.0  0.0  0.0  0.0  0.0  1.0;ok
7680147070526;7.628096793483198;11.91249985897373;1.0  0.0  0.0  11.656980514526367  0.0  1.0  0.0  9.902963161468506  0.0  0.0  1.0  -14.471704483032227  0.0  0.0  0.0  1.0;ok
7680147070557;12.205672054688245;12.205672054688245;1.0  0.0  0.0  0.0  0.0  1.0  0.0  0.0  0.0  0.0  1.0  0.0  0.0  0.0  0.0  1.0;ok
7680147070588;13.972588475444184;8.831443380209684;1.0  0.0  0.0  25.72815704345703  0.0  1.0  0.0  5.7381439208984375  0.0  0.0  1.0  -4.530858039855957  0.0  0.0  0.0  1.0;ok
7680147070619;9.983295395716265;6.9401488275062055;1.0  0.0  0.0  -7.575342178344727  0.0  1.0  0.0  -10.851468324661255  0.0  0.0  1.0  18.182270050048828  0.0  0.0  0.0  1.0;ok
7680147070650;4.983189947689928;11.148322039288457;0.9634041883037519  -0.24535249118763047  -0.10795612547147987  7.635233106206969  0.25107593300156  0.967017897337466  0.04286329544520517  -13.179055821852867  0.09387888914013756  -0.06839986328239704  0.993231198098793  6.421311549525123  0.0  0.0  0.0  1.0;ok
7680147070681;5.274194441851744;5.274194441851744;1.0  0.0  0.0  0.0  0.0  1.0  0.0  0.0  0.0  0.0  1.0  0.0  0.0  0.0  0.0  1.0;ok
7680147070712;11.641878817863354;21.628667255528192;1.0  0.0  0.0  15.998790740966797  0.0  1.0  0.0  -6.974649429321289  0.0  0.0  1.0  5.033454895019531  0.0  0.0  0.0  1.0;ok
7680147070743;6.384964124188179;3.8491300260756693;1.0  0.0  0.0  4.066551208496094  0.0  1.0  0.0  18.230217933654785  0.0  0.0  1.0  -8.187137603759766  0.0  0.0  0.0  1.0;ok
7680147070774;9.308681426379255;21.829488733487644;1.0  0.0  0.0  33.5543327331543  0.0  1.0  0.0  19.64313793182373  0.0  0.0  1.0  -11.908466339111328  0.0  0.0  0.0  1.0;ok
7680147070805;5.341016645242467;12.737536376379529;1.0  0.0  0.0  -0.49932861328125  0.0  1.0  0.0  -20.507855892181396  0.0  0.0  1.0  11.34028434753418  0.0  0.0  0.0  1.0;ok
7680147070836;8.834749328032757;3.1597527520927873;1.0  0.0  0.0  4.509147644042969  0.0  1.0  0.0  -16.76696014404297  0.0  0.0  1.0  -3.3561272621154785  0.0  0.0  0.0  1.0;ok
7680147070867;6.947504153427572;16.770810768654915;-0.30163403662756705  0.9280467391781901  0.21850894226206768  -108.4644918492097  0.906925843106291  0.20858784985210505  0.3660281737790393  63.12274940938894  0.29411294268308297  0.30857796226367795  -0.9045867665135798  9.644509742304493  0.0  0.0  0.0  1.0;ok
7680147070898;5.179162056037483;12.656186944837998;-0.9696250385930766  0.15200432886682902  -0.19162976944911045  -165.30221271563352  0.1541951488320688  0.9880341521008271  0.003517152122920973  31.1750116829417  0.189871379122896  -0.02613806205793565  -0.9814609829747816  -0.620153109268438  0.0  0.0  0.0  1.0;ok
7680147070929;8.17206455727507;6.956228336767729;1.0  0.0  0.0  20.537094116210938  0.0  1.0  0.0  -1.8184471130371094  0.0  0.0  1.0  5.075504302978516  0.0  0.0  0.0  1.0;ok
7680147070960;5.592350273903463;9.699050336249211;1.0  0.0  0.0  -22.828147888183594  0.0  1.0  0.0  -1.116790771484375  0.0  0.0  1.0  -8.677273511886597  0.0  0.0  0.0  1.0;ok
7680147070991;17.11154694703765;14.122284612493546;0.5957394634462334  -0.5448716395266106  0.5900926945255098  -28.32520277108275  0.59073960636686  0.7950243762724031  0.1377060586982407  55.650239938103034  -0.5441702023837033  0.266554192561774  0.7955046532016137  -67.47340599805267  0.0  0.0  0.0  1.0;ok
7680147071022;5.46570017122073;8.200949062605652;1.0  0.0  0.0  4.122779846191406  0.0  1.0  0.0  4.001319766044617  0.0  0.0  1.0  1.2604548931121826  0.0  0.0  0.0  1.0;ok
7680147071053;12.38045077372445;10.514202452899788;1.0  0.0  0.0  23.139602661132812  0.0  1.0  0.0  -10.606446623802185  0.0  0.0  1.0  -2.4851624071598053  0.0  0.0  0.0  1.0;ok
7680147071084;11.24151187209145;15.755143663047505;1.0  0.0  0.0  25.71639633178711  0.0  1.0  0.0  3.767742156982422  0.0  0.0  1.0  12.651718139648438  0.0  0.0  0.0  1.0;ok
7680147071115;12.186276135943615;6.911992839942227;1.0  0.0  0.0  -13.178138732910156  0.0  1.0  0.0  -13.128514289855957  0.0  0.0  1.0  17.194137573242188  0.0  0.0  0.0  1.0;ok
7680147071146;10.370233813456165;14.233769674202874;-0.8842986063457653  0.46146981468420956  0.07114481674906269  -76.58711582016011  0.45809846476290883  0.8869391419979332  -0.059031813235196746  5.554521537347611  -0.090342522639133  -0.019610418845363888  -0.9957176608235423  -8.158511052672853  0.0  0.0  0.0  1.0;ok
7680147071177;13.127472395246876;19.714001831569764;1.0  0.0  0.0  0.7075405120849609  0.0  1.0  0.0  -23.450042724609375  0.0  0.0  1.0  -21.412718772888184  0.0  0.0  0.0  1.0;ok
7680147071208;5.015205060735113;8.093605603134158;1.0  0.0  0.0  1.0754966735839844  0.0  1.0  0.0  -8.028316497802734  0.0  0.0  1.0  -0.7241561412811279  0.0  0.0  0.0  1.0;ok
7680147071239;9.39637988401389;19.796011365308427;1.0  0.0  0.0  4.53533935546875  0.0  1.0  0.0  26.273569107055664  0.0  0.0  1.0  -11.41400682926178  0.0  0.0  0.0  1.0;ok
7680147071270;4.313719660974628;4.313719660974628;1.0  0.0  0.0  0.0  0.0  1.0  0.0  0.0  0.0  0.0  1.0  0.0  0.0  0.0  0.0  1.0;ok
7680147071301;6.640988931646057;1.82331320939045;0.1750857672318396  0.9805400626880504  -0.08880405157734682  -86.6222999027049  -0.9790041300152529  0.16382650723996664  -0.12129216354995809  -78.67304794924515  -0.10438336805217102  0.1081760647706645  0.9886364607300387  -23.735522257788393  0.0  0.0  0.0  1.0;ok
7680147071332;4.276455914839723;5.465189304673073;1.0  0.0  0.0  3.5871357917785645  0.0  1.0  0.0  -3.3433055877685547  0.0  0.0  1.0  -0.48274946212768555  0.0  0.0  0.0  1.0;ok
7680147071363;8.047719219794603;3.950606091795852;1.0  0.0  0.0  0.4716796875  0.0  1.0  0.0  -12.924433469772339  0.0  0.0  1.0  -3.72298401594162  0.0  0.0  0.0  1.0;ok
7680147071394;5.638151908042061;5.638151908042061;1.0  0.0  0.0  0.0  0.0  1.0  0.0  0.0  0.0  0.0  1.0  0.0  0.0  0.0  0.0  1.0;ok
7680147071425;4.625670294189547;13.374293388078883;1.0  0.0  0.0  7.532432556152344  0.0  1.0  0.0  -25.82085955142975  0.0  0.0  1.0  -4.177506923675537  0.0  0.0  0.0  1.0;ok
7680147071456;10.740948031687811;10.740948031687811;1.0  0.0  0.0  0.0  0.0  1.0  0.0  0.0  0.0  0.0  1.0  0.0  0.0  0.0  0.0  1.0;ok
7680147071487;5.184678901374177;19.498654719686165;-0.13950543416080802  -0.945114539452636  -0.29546021924251686  39.61290329479184  0.9868407026242236  -0.15733046303729767  0.03731692705191685  33.62980168217808  -0.08175366342698667  -0.2863662562448677  0.954625950726548  29.069223672685318  0.0  0.0  0.0  1.0;ok
7680147071518;11.14494275938262;11.14494275938262;1.0  0.0  0.0  0.0  0.0  1.0  0.0  0.0  0.0  0.0  1.0  0.0  0.0  0.0  0.0  1.0;ok
7680147071549;4.676713782906976;2.570190632548673;1.0  0.0  0.0  5.053642272949219  0.0  1.0  0.0  -11.464460849761963  0.0  0.0  1.0  -0.5807082653045654  0.0  0.0  0.0  1.0;ok
7680147071580;8.191691125457401;9.761768158237265;0.371924888897991  0.8608971006268534  0.3471715125849103  -13.563225131041243  0.9271122344822711  -0.3631217514315266  -0.09276582512213988  65.89268888169383  0.04620369781205694  0.3563688759832683  -0.9332022516790847  -20.976004610897448  0.0  0.0  0.0  1.0;ok
7680147071611;7.069420706677954;5.601572677546511;-0.9170910323235629  -0.3254114717127271  0.2303289224336756  -145.9046728733888  0.3326401359592447  -0.9430211457004246  -0.007852306086327554  118.36235951619736  0.2197602748012397  0.06941536457885344  0.9730811522065713  21.098100291588942  0.0  0.0  0.0  1.0;ok
7680147071642;6.993248935970075;5.96512368191147;0.5419306391458735  -0.8402029042158136  -0.01924219587930659  -2.2439275124441025  -0.8399721310660029  -0.5407477221853191  -0.045152186921865345  4.321275491160769  0.027531824991867772  0.04063226179653105  -0.9987947826825667  -4.714454897718157  0.0  0.0  0.0  1.0;ok
7680147071673;7.0415274715101805;8.441589371542443;1.0  0.0  0.0  15.79766309261322  0.0  1.0  0.0  -0.4938993453979492  0.0  0.0  1.0  -7.816910266876221  0.0  0.0  0.0  1.0;ok
7680147071704;12.282270297937805;20.43660281634518;1.0  0.0  0.0  -15.523475646972656  0.0  1.0  0.0  -2.828287124633789  0.0  0.0  1.0  7.165183067321777  0.0  0.0  0.0  1.0;ok
7680147071735;4.789280693794925;9.668442604441212;1.0  0.0  0.0  12.436927795410156  0.0  1.0  0.0  5.997890472412109  0.0  0.0  1.0  1.9480466842651367  0.0  0.0  0.0  1.0;ok
7680147071766;3.53254216882476;1.9628614263774338;0.6241031898813063  -0.7785264601603249  -0.06627034940463716  14.160840113212355  -0.7808271844207162  -0.6245228356217689  -0.016737259529618423  24.23680561373815  -0.028356947113450867  0.06219146739850606  -0.9976613177492781  -11.392898476004916  0.0  0.0  0.0  1.0;ok
7680147071797;10.169462079789488;10.512115787212633;-0.13534754993132592  0.9905971891010401  0.01995619384314884  -114.54955426809931  -0.99070018682856  -0.135589985314513  0.011335594394072612  -34.59268686024952  0.013934867973683984  -0.018236360040541577  0.9997365926217903  -12.636877992884651  0.0  0.0  0.0  1.0;ok
7680147071828;7.018945707073733;10.542632013148827;0.8681460837900621  0.4410176745065284  -0.22765277940941553  -19.359654201981485  -0.3682259320071161  0.8798897899317191  0.3003391758852079  5.452751432032414  0.33276424116402425  -0.17691062248143552  0.9262670195228598  22.561096322328737  0.0  0.0  0.0  1.0;ok
7680147071859;4.7455868592045904;4.092249904259706;0.3659643466086597  -0.9106869200471808  -0.19162314752210002  -10.356557080547027  0.901908157472761  0.2963103714574859  0.31426396428928344  60.73068532105924  -0.22941615569829865  -0.28783588626456313  0.9297949935781047  -14.644591919865734  0.0  0.0  0.0  1.0;ok
7680147071890;12.81657994950246;17.044758121812105;1.0  0.0  0.0  4.297115325927734  0.0  1.0  0.0  -18.479801177978516  0.0  0.0  1.0  -11.926725387573242  0.0  0.0  0.0  1.0;ok
7680147071921;5.809282512621437;18.693167320904966;-0.7488514653328958  0.3979370319353733  -0.5299694344801784  -147.27279433570362  -0.19456282724297536  0.6324266584338294  0.7497878553013781  9.038669276764296  0.6335351522401851  0.6645920856560706  -0.3961698758857355  23.55714605115901  0.0  0.0  0.0  1.0;ok
7680147071952;7.620338600713327;7.919460663055907;-0.6293427613268381  0.7617455812637999  0.1538549907886849  -55.72213862382777  0.11351408078740206  -0.10574784556141634  0.9878926797087377  2.3695979808220438  0.7687927173357602  0.6391878147963983  -0.019917208321039742  26.890794046461693  0.0  0.0  0.0  1.0;ok
7680147071983;7.6997636782443;2.808222821104706;1.0  0.0  0.0  0.5637741088867188  0.0  1.0  0.0  1.1114788055419922  0.0  0.0  1.0  12.118396282196045  0.0  0.0  0.0  1.0;ok
7680147072014;9.99620546943226;1.5785334577253562;0.2171450446559531  -0.9751484591852203  -0.043971719662247236  19.73255685589203  -0.8040010180970062  -0.20421639352821874  0.5584604081878191  9.9787865525837  -0.5535615525669588  -0.08591360289860281  -0.8283649318728066  -4.195385935230895  0.0  0.0  0.0  1.0;ok
7680147072045;5.258513746846423;10.51736032733404;-0.3663256340293659  -0.9237652271813634  -0.11163930716170975  -55.89632346472981  -0.9304634665343114  0.3645185046283979  0.03693233310296508  -42.24346010579176  0.006577788225138508  0.11740555708330072  -0.9930622678704619  -5.101672977827669  0.0  0.0  0.0  1.0;ok
7680147072076;3.639515980188402;3.95586907805508;0.6794578854200295  -0.7304638192621362  -0.06898978684931784  -1.483937921011801  0.7329619270870595  0.6800114315552039  0.018742102205074832  53.70426052360659  0.033223416160372776  -0.06330135625098754  0.9974412979796954  9.803529363673295  0.0  0.0  0.0  1.0;ok
7680147072107;12.029334697397971;13.492930729376914;1.0  0.0  0.0  0.9249649047851562  0.0  1.0  0.0  -0.9218788146972656  0.0  0.0  1.0  3.60697078704834  0.0  0.0  0.0  1.0;ok
7680147072138;7.590759405643051;3.8786980072310375;-0.8043540035645769  0.12512200219426267  -0.5808262403822123  -16.122767367425382  0.550362791611675  0.5252370170951963  -0.6490199330393052  -6.593468273144673  0.2238647684631065  -0.8417069326314471  -0.491338991940514  6.856590168179359  0.0  0.0  0.0  1.0;ok
7680147072169;13.198998208144786;22.524030144773963;1.0  0.0  0.0  16.108707189559937  0.0  1.0  0.0  10.652462005615234  0.0  0.0  1.0  -11.612142324447632  0.0  0.0  0.0  1.0;ok
7680147072200;7.797457719238535;8.041891029291795;-0.40253101446019096  0.573508756606652  -0.7134819468586024  -79.15071950465534  -0.8361376732556589  -0.5476114478153254  0.03155144345692829  -26.40251936637688  -0.3726158528032084  0.6092695694986705  0.6999628689599491  -17.13806983602749  0.0  0.0  0.0  1.0;ok
7680147072231;7.013635858444267;4.520030390721549;0.7986083126374752  -0.5430134231286604  0.25954033460797377  2.153947184426975  0.5551042711695349  0.8312031998686217  0.030991751442981993  -8.563698956857877  -0.23255969366092685  0.11932167795609662  0.9652348553870593  -5.446071218480705  0.0  0.0  0.0  1.0;ok
7680147072262;9.795586259580043;13.829989171310004;-0.6149838109442833  0.5897133158720187  -0.5234817259080535  -36.49142412481839  -0.5965063248324945  0.08627056804787324  0.797958390847247  -15.441244742660265  0.5157277544511991  0.8029916526165921  0.29871272004519267  -15.75384399346623  0.0  0.0  0.0  1.0;ok
7680147072293;5.948491848371334;15.935999660331161;1.0  0.0  0.0  -18.238250732421875  0.0  1.0  0.0  -10.249727249145508  0.0  0.0  1.0  -6.263222932815552  0.0  0.0  0.0  1.0;ok
7680147072324;9.966999431357419;22.58471287525162;1.0  0.0  0.0  24.991233825683594  0.0  1.0  0.0  8.18931145966053  0.0  0.0  1.0  -0.35773730278015137  0.0  0.0  0.0  1.0;ok
7680147072355;6.355915528172526;8.648486244803044;0.993080857746615  -0.054514795739196306  0.10401224458092259  -6.836949170654435  -0.05045598127945575  -0.997873462155856  -0.04126436087246446  28.688091037825288  0.10604057681083776  0.03573080702418366  -0.9937196312335919  7.44486827947798  0.0  0.0  0.0  1.0;ok
7680147072386;11.538831244630613;6.788445669875128;0.8238073294981191  0.47862814848709306  -0.3037376817930142  -43.18339828531104  0.45728107721347283  -0.8777628375689958  -0.14292101806701002  140.2622547669195  -0.33501567170456825  -0.021154112097696597  -0.9419750544752737  -62.15089824684367  0.0  0.0  0.0  1.0;ok
7680147072417;7.834517591994063;4.827873293248481;0.5034697356015019  -0.79108403468875  0.34742520834551216  -43.58324395113903  0.8366306845526162  0.5467937653537945  0.03264469076649419  65.57102086349137  -0.21579463153279393  0.27423097605994157  0.9371392899515193  -28.950277671780174  0.0  0.0  0.0  1.0;ok
7680147072448;5.93768874259482;5.93768874259482;1.0  0.0  0.0  0.0  0.0  1.0  0.0  0.0  0.0  0.0  1.0  0.0  0.0  0.0  0.0  1.0;ok
7680147072479;5.153023825453306;17.896995759931556;1.0  0.0  0.0  -14.312471389770508  0.0  1.0  0.0  -23.327670097351074  0.0  0.0  1.0  -7.068087816238403  0.0  0.0  0.0  1.0;ok
7680147072510;6.21722142776577;19.183128780871616;1.0  0.0  0.0  -5.245841026306152  0.0  1.0  0.0  23.872258186340332  0.0  0.0  1.0  -2.8870735466480255  0.0  0.0  0.0  1.0;ok
7680147072541;5.285545613066368;14.17158336126848;1.0  0.0  0.0  8.989044189453125  0.0  1.0  0.0  -14.87691593170166  0.0  0.0  1.0  7.488238334655762  0.0  0.0  0.0  1.0;ok
7680147072572;4.133908943366591;8.784225924439548;1.0  0.0  0.0  -12.748481750488281  0.0  1.0  0.0  -2.236988067626953  0.0  0.0  1.0  -3.2665319442749023  0.0  0.0  0.0  1.0;ok
7680147072603;10.39505673399153;18.496502550924685;-0.8716172989666768  0.4123082063846385  0.26511361166472946  -22.651145716520737  0.1475787694011197  0.7364717602624564  -0.6601741082153784  -22.11134983728043  -0.46744389071212145  -0.5362940324894556  -0.7027694641574241  8.65633901442205  0.0  0.0  0.0  1.0;ok
7680147072634;11.94624995620377;27.62214986327426;1.0  0.0  0.0  -30.480594635009766  0.0  1.0  0.0  -18.256603240966797  0.0  0.0  1.0  -16.876893520355225  0.0  0.0  0.0  1.0;ok
7680147072665;11.239001758552085;13.882995364499129;-0.8487483636901327  -0.4734532298630329  0.2355169935813219  6.869500558630415  -0.5029989472649384  0.8602601269672604  -0.08333410466691749  -17.382739226409356  -0.1631510777889193  -0.18919448481003662  -0.9682908513116185  -11.51010481704433  0.0  0.0  0.0  1.0;ok
7680147072696;15.19552852059494;16.594561644380168;-0.018313359736954575  -0.9998290489268407  -0.0025482890718482136  39.377180952696726  -0.9998321698742096  0.018314579982618883  -0.00045633834988577024  19.533191115230554  0.0005029311823803321  0.0025395043038095103  -0.9999966489834435  -3.396510546340598  0.0  0.0  0.0  1.0;ok
7680147072727;7.340738161603139;8.24239930648918;1.0  0.0  0.0  18.182044982910156  0.0  1.0  0.0  -0.15299129486083984  0.0  0.0  1.0  5.387039661407471  0.0  0.0  0.0  1.0;ok
7680147072758;6.227684121791451;3.533510047807751;0.06272163002510106  0.9640227825035035  0.2583139019510912  -4.636769311132234  -0.9889975478272387  0.0947808163858288  -0.11358013574981053  -3.095259329207308  -0.13397704101339128  -0.2483478843466145  0.9593609752443845  1.7011489381246196  0.0  0.0  0.0  1.0;ok
7680147072789;6.637018428023015;5.674792027252417;1.0  0.0  0.0  -0.5835247039794922  0.0  1.0  0.0  3.232206344604492  0.0  0.0  1.0  5.556650161743164  0.0  0.0  0.0  1.0;ok
7680147072820;9.269843228857026;9.470841835792648;1.0  0.0  0.0  -14.003372192382812  0.0  1.0  0.0  6.198737144470215  0.0  0.0  1.0  -12.0715970993042  0.0  0.0  0.0  1.0;ok
7680147072851;4.2982496682405245;7.571984488176622;1.0  0.0  0.0  -7.513978958129883  0.0  1.0  0.0  -7.178400039672852  0.0  0.0  1.0  5.891797512769699  0.0  0.0  0.0  1.0;ok
7680147072882;5.601886242782262;5.601886242782262;1.0  0.0  0.0  0.0  0.0  1.0  0.0  0.0  0.0  0.0  1.0  0.0  0.0  0.0  0.0  1.0;ok
7680147072913;9.333520172556803;7.59391937382804;0.2133809190667617  0.9649831309434765  0.15256520039887453  -36.31826528696186  -0.9721644233413071  0.22519495355096458  -0.06468049848788987  7.991769999243381  -0.0967725031591471  -0.1345168758546808  0.9861745751856563  16.51979916032943  0.0  0.0  0.0  1.0;ok
7680147072944;12.394403615909951;7.329743811280248;1.0  0.0  0.0  23.104256629943848  0.0  1.0  0.0  -14.333079099655151  0.0  0.0  1.0  5.13958203792572  0.0  0.0  0.0  1.0;ok
7680147072975;12.294303809821267;12.33134745604404;1.0  0.0  0.0  18.2835693359375  0.0  1.0  0.0  -20.018064498901367  0.0  0.0  1.0  1.097714215517044  0.0  0.0  0.0  1.0;ok
7680147073006;9.313901487860747;5.280951913704634;1.0  0.0  0.0  -9.258238792419434  0.0  1.0  0.0  -6.898714065551758  0.0  0.0  1.0  10.932809591293335  0.0  0.0  0.0  1.0;ok
7680147073037;7.4401367907240505;5.080117400003285;0.5481851127868604  0.8235273293310211  -0.1459308739224596  -13.423359327997186  0.2423294020673683  -0.3233961429291534  -0.9147083664382971  0.663032329463654  -0.8004808198904759  0.4660661676022647  -0.37684583638937674  -9.023442996950099  0.0  0.0  0.0  1.0;ok
7680147073068;14.611710614672843;7.332634435158931;1.0  0.0  0.0  16.314926147460938  0.0  1.0  0.0  11.574982047080994  0.0  0.0  1.0  -12.923072397708893  0.0  0.0  0.0  1.0;ok
7680147073099;5.832775091072886;15.803744780462257;0.019901396263526747  -0.9988410913125189  0.04382246835104504  -27.97904530890547  0.9959715961320376  0.023639143087299308  0.0864972289284433  62.20974022449443  -0.0874329121381841  0.04192451812143408  0.9952878079507063  4.381951106636812  0.0  0.0  0.0  1.0;ok
