# registration_from_features.py FastGlobal FastGlobal_config.json euclidean --input_txt=/neural_comparison/point_clouds_registration_benchmark//planetary/planetary_map_global.txt --input_pcd_dir=/neural_comparison/point_clouds_registration_benchmark//planetary/p2at_met/ --input_features_dir=/neural_comparison/experiments/3DFeatNet/test//planetary/planetary_map/ --output_dir=/root/neural_registration_comparison/results/3DFeatNet/FastGlobal/
id;initial_error;final_error;transformation
25528382210030;15.683526663035371;23.037753117010386;1.0  0.0  0.0  -13.074314690590588  0.0  1.0  0.0  16.313244628696147  0.0  0.0  1.0  6.337308564549987  0.0  0.0  0.0  1.0
25528382210061;9.694920160715437;24.080961017042583;1.0  0.0  0.0  -23.21290217864206  0.0  1.0  0.0  -18.517073317565114  0.0  0.0  1.0  -11.029681505432066  0.0  0.0  0.0  1.0
25528382210092;12.399804628975684;43.90032727831685;1.0  0.0  0.0  18.14223034929693  0.0  1.0  0.0  67.09105462856718  0.0  0.0  1.0  6.859117589023864  0.0  0.0  0.0  1.0
25528382210123;6.953048353590656;42.13306493403271;1.0  0.0  0.0  -2.1013640087551035  0.0  1.0  0.0  -38.677244198507154  0.0  0.0  1.0  -4.712077518887144  0.0  0.0  0.0  1.0
25528382210154;10.183163861597526;25.734639555393084;1.0  0.0  0.0  -14.028656873265952  0.0  1.0  0.0  29.611041586613823  0.0  0.0  1.0  15.514779145870387  0.0  0.0  0.0  1.0
25528382210185;7.249832144325139;4.291483296068936;1.0  0.0  0.0  12.888445545507777  0.0  1.0  0.0  20.546539178632784  0.0  0.0  1.0  -15.41760794158203  0.0  0.0  0.0  1.0
25528382210216;9.448765572705636;8.92572401808426;1.0  0.0  0.0  -9.026656115845672  0.0  1.0  0.0  -0.6096046897828913  0.0  0.0  1.0  6.156389168838411  0.0  0.0  0.0  1.0
25528382210247;9.372654796950922;33.02228123273954;1.0  0.0  0.0  -10.748994534276767  0.0  1.0  0.0  54.644736498822866  0.0  0.0  1.0  4.982502021268141  0.0  0.0  0.0  1.0
25528382210278;17.919495398511156;20.41932161212179;1.0  0.0  0.0  0.12503477939572427  0.0  1.0  0.0  13.851429519183881  0.0  0.0  1.0  11.12119917539806  0.0  0.0  0.0  1.0
25528382210309;18.244330532647695;15.83313309624009;1.0  0.0  0.0  21.741307737051102  0.0  1.0  0.0  -16.005862845025007  0.0  0.0  1.0  11.888855717099336  0.0  0.0  0.0  1.0
25528382210340;8.030201317376237;45.9134268621164;1.0  0.0  0.0  -32.02725214722895  0.0  1.0  0.0  43.642186110878214  0.0  0.0  1.0  5.562233906753989  0.0  0.0  0.0  1.0
25528382210371;14.777020539726172;52.985893677546606;1.0  0.0  0.0  15.325014267956286  0.0  1.0  0.0  46.41309125484625  0.0  0.0  1.0  12.346989780611244  0.0  0.0  0.0  1.0
25528382210402;6.835161306041792;39.46988302641474;1.0  0.0  0.0  -10.79150732028379  0.0  1.0  0.0  -34.64606458254381  0.0  0.0  1.0  -8.054351166472681  0.0  0.0  0.0  1.0
25528382210433;17.430375538815767;43.242179773844065;1.0  0.0  0.0  -21.524025182197327  0.0  1.0  0.0  -42.67969685143856  0.0  0.0  1.0  -17.602460140049658  0.0  0.0  0.0  1.0
25528382210464;9.567579060620492;34.19697978828811;1.0  0.0  0.0  -32.62292894039514  0.0  1.0  0.0  32.332241291754585  0.0  0.0  1.0  -7.852945441282886  0.0  0.0  0.0  1.0
25528382210495;9.764115823017264;21.83636490598541;1.0  0.0  0.0  -8.513548533268617  0.0  1.0  0.0  -40.05184736110707  0.0  0.0  1.0  6.1965621357919485  0.0  0.0  0.0  1.0
25528382210526;4.636809275772577;26.85489787997777;1.0  0.0  0.0  26.569926987926983  0.0  1.0  0.0  36.49704256500961  0.0  0.0  1.0  7.549884374109331  0.0  0.0  0.0  1.0
25528382210557;6.91062999272005;41.26843617568976;1.0  0.0  0.0  4.189600322437249  0.0  1.0  0.0  -35.34090881766613  0.0  0.0  1.0  11.832392238093535  0.0  0.0  0.0  1.0
25528382210588;6.684883534881991;33.464764520076145;1.0  0.0  0.0  -18.211724046277844  0.0  1.0  0.0  -37.84778323448275  0.0  0.0  1.0  -4.849080497851553  0.0  0.0  0.0  1.0
25528382210619;3.0499892934791095;10.744680303974222;1.0  0.0  0.0  -17.645008093086922  0.0  1.0  0.0  45.13551857218731  0.0  0.0  1.0  -5.477599984386719  0.0  0.0  0.0  1.0
25528382210650;9.772391176497468;21.021774722132534;1.0  0.0  0.0  -20.18217193336541  0.0  1.0  0.0  -8.667843945672978  0.0  0.0  1.0  7.4080652004970045  0.0  0.0  0.0  1.0
25528382210681;21.011024087836613;41.922639469882256;1.0  0.0  0.0  -30.60524491123833  0.0  1.0  0.0  -26.45944968232702  0.0  0.0  1.0  13.140640135746395  0.0  0.0  0.0  1.0
25528382210712;9.118066866210063;24.99673366995069;1.0  0.0  0.0  21.634699408899493  0.0  1.0  0.0  22.289997184181573  0.0  0.0  1.0  -12.09435136139111  0.0  0.0  0.0  1.0
25528382210743;20.13332180163335;39.15621715531804;1.0  0.0  0.0  -13.92459402612424  0.0  1.0  0.0  -41.89838088105532  0.0  0.0  1.0  13.518464867080453  0.0  0.0  0.0  1.0
25528382210774;20.739154808696746;70.97626466579804;1.0  0.0  0.0  -35.453334222070346  0.0  1.0  0.0  -27.727323180396372  0.0  0.0  1.0  -12.19106592438124  0.0  0.0  0.0  1.0
25528382210805;7.825028269463657;31.36939814503484;1.0  0.0  0.0  1.5756613763426106  0.0  1.0  0.0  -48.2819106950625  0.0  0.0  1.0  21.247530854566698  0.0  0.0  0.0  1.0
25528382210836;18.891614934549192;80.24144149021457;1.0  0.0  0.0  -17.971949897663187  0.0  1.0  0.0  49.9823199743189  0.0  0.0  1.0  -2.947342716246111  0.0  0.0  0.0  1.0
25528382210867;11.40364716584565;55.32888222955893;1.0  0.0  0.0  -37.461275555884434  0.0  1.0  0.0  -25.24268730782154  0.0  0.0  1.0  -8.423504526626553  0.0  0.0  0.0  1.0
25528382210898;8.960325021546454;22.889493385675184;1.0  0.0  0.0  30.916632152807473  0.0  1.0  0.0  51.676239576963184  0.0  0.0  1.0  7.470227666923755  0.0  0.0  0.0  1.0
25528382210929;20.960366730846324;42.277606381309;1.0  0.0  0.0  7.930944690013023  0.0  1.0  0.0  -37.45216583817763  0.0  0.0  1.0  -9.081851059267578  0.0  0.0  0.0  1.0
25528382210960;12.492536214211547;9.370661223714023;1.0  0.0  0.0  7.053923108604364  0.0  1.0  0.0  16.216134378766824  0.0  0.0  1.0  2.8352399010619243  0.0  0.0  0.0  1.0
25528382210991;21.169336560628633;68.49075156242137;1.0  0.0  0.0  13.333689384179705  0.0  1.0  0.0  -74.66814717973776  0.0  0.0  1.0  4.489361993455632  0.0  0.0  0.0  1.0
25528382211022;20.78353201086023;59.24966408058882;1.0  0.0  0.0  -23.701826144734188  0.0  1.0  0.0  -35.89822009918505  0.0  0.0  1.0  10.17784308886405  0.0  0.0  0.0  1.0
25528382211053;13.710252605486271;10.230336577189263;1.0  0.0  0.0  16.272677758398437  0.0  1.0  0.0  -12.852516849199247  0.0  0.0  1.0  -3.607112576970021  0.0  0.0  0.0  1.0
25528382211084;8.456027515763575;44.954573269130776;1.0  0.0  0.0  -22.73936007921133  0.0  1.0  0.0  -41.729345535725926  0.0  0.0  1.0  -8.81400950443738  0.0  0.0  0.0  1.0
25528382211115;8.58618635194452;18.56576580168804;1.0  0.0  0.0  -14.95805518327892  0.0  1.0  0.0  12.384619749657752  0.0  0.0  1.0  5.262575366973365  0.0  0.0  0.0  1.0
25528382211146;12.191514888658181;45.30296580280899;1.0  0.0  0.0  20.243258215910465  0.0  1.0  0.0  48.55926936679387  0.0  0.0  1.0  15.670377221982418  0.0  0.0  0.0  1.0
25528382211177;18.082566832098863;20.39055415499831;1.0  0.0  0.0  32.32103626265844  0.0  1.0  0.0  7.59638955524003  0.0  0.0  1.0  -8.948754863349137  0.0  0.0  0.0  1.0
25528382211208;15.216848440223977;37.47170320354382;1.0  0.0  0.0  21.70867440737336  0.0  1.0  0.0  -29.75295505117014  0.0  0.0  1.0  -13.513093556283481  0.0  0.0  0.0  1.0
25528382211239;11.671911420801475;36.12398069879935;1.0  0.0  0.0  8.401687630059191  0.0  1.0  0.0  -45.428540701873246  0.0  0.0  1.0  3.75070354948242  0.0  0.0  0.0  1.0
25528382211270;18.471821681962687;71.53501189689143;1.0  0.0  0.0  -32.12911613959483  0.0  1.0  0.0  -36.02935940808146  0.0  0.0  1.0  6.116587240718504  0.0  0.0  0.0  1.0
25528382211301;9.301264776858527;35.63409155046033;1.0  0.0  0.0  -9.740638694329533  0.0  1.0  0.0  57.04847895032211  0.0  0.0  1.0  -10.989268781835555  0.0  0.0  0.0  1.0
25528382211332;18.114374089714;17.064753556137642;1.0  0.0  0.0  7.091502112992698  0.0  1.0  0.0  10.103512794380116  0.0  0.0  1.0  7.344370523666781  0.0  0.0  0.0  1.0
25528382211363;14.154563908634087;31.717836929937082;1.0  0.0  0.0  28.21736620429052  0.0  1.0  0.0  45.860752458716206  0.0  0.0  1.0  -5.1795761770771165  0.0  0.0  0.0  1.0
25528382211394;15.624373069503454;42.4082682583042;1.0  0.0  0.0  10.05277961049145  0.0  1.0  0.0  33.32558363738869  0.0  0.0  1.0  4.7802470188099235  0.0  0.0  0.0  1.0
25528382211425;8.428891844194663;5.010937259897932;1.0  0.0  0.0  -0.9560954963158323  0.0  1.0  0.0  4.967483976803813  0.0  0.0  1.0  -9.022052961164475  0.0  0.0  0.0  1.0
25528382211456;7.093295871774291;16.294487732789005;1.0  0.0  0.0  -14.355617851007274  0.0  1.0  0.0  15.226809856203019  0.0  0.0  1.0  -8.23251582434657  0.0  0.0  0.0  1.0
25528382211487;10.502857338251829;41.24301260993507;1.0  0.0  0.0  27.602495456845865  0.0  1.0  0.0  34.97355084580737  0.0  0.0  1.0  -8.226888208130678  0.0  0.0  0.0  1.0
25528382211518;5.90067579224309;39.03610382909626;1.0  0.0  0.0  -10.113170092073407  0.0  1.0  0.0  -54.636724707781184  0.0  0.0  1.0  6.99202820922522  0.0  0.0  0.0  1.0
25528382211549;9.273592136553932;45.880780694804464;1.0  0.0  0.0  6.141931713151399  0.0  1.0  0.0  -61.16513911848131  0.0  0.0  1.0  -4.619706496282687  0.0  0.0  0.0  1.0
25528382211580;4.164998600241185;13.426699283841863;1.0  0.0  0.0  12.836696701757825  0.0  1.0  0.0  -43.65783083974025  0.0  0.0  1.0  -16.114460767367177  0.0  0.0  0.0  1.0
25528382211611;11.572839674945431;22.16844866200615;1.0  0.0  0.0  4.622785156364726  0.0  1.0  0.0  41.48953667878658  0.0  0.0  1.0  -0.5019207360805698  0.0  0.0  0.0  1.0
25528382211642;5.72156680482253;54.139723174096446;1.0  0.0  0.0  6.840492043270329  0.0  1.0  0.0  62.13884901632203  0.0  0.0  1.0  6.585002513264506  0.0  0.0  0.0  1.0
25528382211673;14.291403794964067;52.37458330906555;1.0  0.0  0.0  16.248612446377088  0.0  1.0  0.0  -43.560762273625386  0.0  0.0  1.0  -12.773851404459345  0.0  0.0  0.0  1.0
25528382211704;21.73324130112813;42.218193160513486;1.0  0.0  0.0  -19.624827185528737  0.0  1.0  0.0  12.994269649927247  0.0  0.0  1.0  -14.539041415353513  0.0  0.0  0.0  1.0
25528382211735;15.219178573330824;61.8342167768783;1.0  0.0  0.0  -17.29433549100588  0.0  1.0  0.0  61.6591598089032  0.0  0.0  1.0  -11.646826328669368  0.0  0.0  0.0  1.0
25528382211766;8.120431397107039;18.18257012724653;1.0  0.0  0.0  -11.155791289277092  0.0  1.0  0.0  17.099388161983356  0.0  0.0  1.0  0.6026811892804025  0.0  0.0  0.0  1.0
25528382211797;10.704272615652533;24.17640174033693;1.0  0.0  0.0  -5.704193607125662  0.0  1.0  0.0  -25.91950167785499  0.0  0.0  1.0  -12.413362845337728  0.0  0.0  0.0  1.0
25528382211828;14.19066388465987;13.81513301840261;1.0  0.0  0.0  -6.61494871376536  0.0  1.0  0.0  -3.073755327239894  0.0  0.0  1.0  6.660698774844217  0.0  0.0  0.0  1.0
25528382211859;15.636492466966827;32.94699771695364;1.0  0.0  0.0  -27.34346897832031  0.0  1.0  0.0  1.8066596430465083  0.0  0.0  1.0  -14.732250013063434  0.0  0.0  0.0  1.0
25528382211890;12.685237572837845;34.18056837517794;1.0  0.0  0.0  13.301958283194212  0.0  1.0  0.0  32.6747696674003  0.0  0.0  1.0  1.3879795496463232  0.0  0.0  0.0  1.0
25528382211921;17.65776473630698;21.15850765035104;1.0  0.0  0.0  22.599118307500063  0.0  1.0  0.0  13.282626404504661  0.0  0.0  1.0  -19.42210427550979  0.0  0.0  0.0  1.0
25528382211952;5.3309939895303184;35.91103361648607;1.0  0.0  0.0  12.92639433039009  0.0  1.0  0.0  -51.756242226692116  0.0  0.0  1.0  5.711736958860248  0.0  0.0  0.0  1.0
25528382211983;5.937684277188093;24.790663350990553;1.0  0.0  0.0  4.334433568941181  0.0  1.0  0.0  -23.540302472700596  0.0  0.0  1.0  -2.302736669667755  0.0  0.0  0.0  1.0
25528382212014;5.706074287891998;26.05672676267835;1.0  0.0  0.0  13.293072030060378  0.0  1.0  0.0  -22.84954494491834  0.0  0.0  1.0  1.169702810874465  0.0  0.0  0.0  1.0
25528382212045;13.03254592804802;24.798229775798244;1.0  0.0  0.0  -9.640174732916263  0.0  1.0  0.0  -23.04564483295049  0.0  0.0  1.0  15.545107026028658  0.0  0.0  0.0  1.0
25528382212076;6.239869401775077;15.648414684707664;1.0  0.0  0.0  21.850301245703086  0.0  1.0  0.0  5.977633383710874  0.0  0.0  1.0  -0.43982069531152224  0.0  0.0  0.0  1.0
25528382212107;9.253104797075562;32.907015550942425;1.0  0.0  0.0  19.65894897910156  0.0  1.0  0.0  46.39951830949215  0.0  0.0  1.0  11.861939895191782  0.0  0.0  0.0  1.0
25528382212138;13.001581628756192;23.147054045352363;1.0  0.0  0.0  27.892320952159153  0.0  1.0  0.0  -12.960238239985152  0.0  0.0  1.0  3.321345619698171  0.0  0.0  0.0  1.0
25528382212169;16.977214459145614;21.990400505430774;1.0  0.0  0.0  -20.655580840740352  0.0  1.0  0.0  21.59010837439149  0.0  0.0  1.0  -20.428773224801425  0.0  0.0  0.0  1.0
25528382212200;12.284350643893093;38.82612373750332;1.0  0.0  0.0  -7.33712446783645  0.0  1.0  0.0  -32.85640367154362  0.0  0.0  1.0  -3.4468809009530625  0.0  0.0  0.0  1.0
25528382212231;9.397506716358016;21.94246011767563;1.0  0.0  0.0  11.953467806284307  0.0  1.0  0.0  24.78908753389561  0.0  0.0  1.0  12.273865410061509  0.0  0.0  0.0  1.0
25528382212262;16.50683836669155;25.357046437176873;1.0  0.0  0.0  13.090764503069847  0.0  1.0  0.0  20.354965837352736  0.0  0.0  1.0  14.960772388238018  0.0  0.0  0.0  1.0
25528382212293;13.349273618262057;27.301957560220863;1.0  0.0  0.0  -14.713419571295109  0.0  1.0  0.0  21.49464205910148  0.0  0.0  1.0  -14.892004447261264  0.0  0.0  0.0  1.0
25528382212324;12.545894920084725;23.435059612600224;1.0  0.0  0.0  -4.9625232732602615  0.0  1.0  0.0  29.834089133576043  0.0  0.0  1.0  -15.257829998137701  0.0  0.0  0.0  1.0
25528382212355;12.823791017106068;25.62107259385607;1.0  0.0  0.0  -16.092198298720117  0.0  1.0  0.0  -15.607032260738116  0.0  0.0  1.0  -10.377295296254047  0.0  0.0  0.0  1.0
25528382212386;16.104432155396697;44.25303984767002;1.0  0.0  0.0  -19.295759804145533  0.0  1.0  0.0  22.975488076477973  0.0  0.0  1.0  -12.015713931659825  0.0  0.0  0.0  1.0
25528382212417;9.853473476029952;42.120158658811654;1.0  0.0  0.0  8.913187527471935  0.0  1.0  0.0  29.354819168778988  0.0  0.0  1.0  -7.624353780191773  0.0  0.0  0.0  1.0
25528382212448;10.900268136326943;46.05153339753388;1.0  0.0  0.0  -19.090125828508995  0.0  1.0  0.0  42.671763932686474  0.0  0.0  1.0  2.523429563491855  0.0  0.0  0.0  1.0
25528382212479;11.26380918649009;47.10802268181856;1.0  0.0  0.0  -8.996346839278479  0.0  1.0  0.0  56.04857766956184  0.0  0.0  1.0  12.194862079932221  0.0  0.0  0.0  1.0
25528382212510;10.577823908438841;22.216537740155744;1.0  0.0  0.0  -25.305572495527876  0.0  1.0  0.0  25.91855313646009  0.0  0.0  1.0  -18.93725203044776  0.0  0.0  0.0  1.0
25528382212541;12.4785018390389;12.551491796962724;1.0  0.0  0.0  7.268256824554014  0.0  1.0  0.0  22.134369745977708  0.0  0.0  1.0  16.32352755359056  0.0  0.0  0.0  1.0
25528382212572;13.17354424027735;8.632751631589327;1.0  0.0  0.0  0.2521561544245525  0.0  1.0  0.0  4.298686190992228  0.0  0.0  1.0  13.551788127908372  0.0  0.0  0.0  1.0
25528382212603;6.049856593200579;22.204172898172036;1.0  0.0  0.0  -5.99136272165231  0.0  1.0  0.0  43.22661718772102  0.0  0.0  1.0  2.072851744585112  0.0  0.0  0.0  1.0
25528382212634;5.22985118888438;57.40224806656816;1.0  0.0  0.0  -13.827411914004722  0.0  1.0  0.0  70.31383966625471  0.0  0.0  1.0  -7.374792784741473  0.0  0.0  0.0  1.0
25528382212665;14.028454806891109;16.246117627024802;1.0  0.0  0.0  22.02391066288591  0.0  1.0  0.0  4.112118850630097  0.0  0.0  1.0  12.984078466917962  0.0  0.0  0.0  1.0
25528382212696;4.140656319801549;26.46735597333009;1.0  0.0  0.0  28.283193207617167  0.0  1.0  0.0  64.99428488566414  0.0  0.0  1.0  12.192148128916015  0.0  0.0  0.0  1.0
25528382212727;6.813729438443701;24.697759338815217;1.0  0.0  0.0  -5.150661925575683  0.0  1.0  0.0  -48.4166961819102  0.0  0.0  1.0  -12.898776890473943  0.0  0.0  0.0  1.0
25528382212758;8.119755599812619;46.96941770178001;1.0  0.0  0.0  -25.02450534014397  0.0  1.0  0.0  60.01294268811941  0.0  0.0  1.0  8.254211081803856  0.0  0.0  0.0  1.0
25528382212789;14.49002705766472;31.869027746804214;1.0  0.0  0.0  12.693764170901614  0.0  1.0  0.0  30.938597354636116  0.0  0.0  1.0  15.148931576380248  0.0  0.0  0.0  1.0
25528382212820;6.569850259432595;9.63577741287608;1.0  0.0  0.0  15.834086249609348  0.0  1.0  0.0  18.590654562421832  0.0  0.0  1.0  1.183298366861329  0.0  0.0  0.0  1.0
25528382212851;11.42180800956712;45.40518566397699;1.0  0.0  0.0  -6.7951760193767345  0.0  1.0  0.0  65.397312477905  0.0  0.0  1.0  -10.50103542001417  0.0  0.0  0.0  1.0
25528382212882;29.01962600839923;61.71742542798691;1.0  0.0  0.0  -38.127120888616275  0.0  1.0  0.0  -22.695395992767622  0.0  0.0  1.0  10.169040923867145  0.0  0.0  0.0  1.0
25528382212913;4.000226151736474;19.654584041320245;1.0  0.0  0.0  -1.8018366117742328  0.0  1.0  0.0  -42.120914226538105  0.0  0.0  1.0  4.356109582089845  0.0  0.0  0.0  1.0
25528382212944;10.14110014173418;25.190256540022954;1.0  0.0  0.0  -2.889025200208998  0.0  1.0  0.0  -49.16621022482521  0.0  0.0  1.0  17.743362746689435  0.0  0.0  0.0  1.0
25528382212975;20.06496742865844;17.445797997859287;1.0  0.0  0.0  -1.8961243515344464  0.0  1.0  0.0  -13.623827516459034  0.0  0.0  1.0  -1.0241816336734082  0.0  0.0  0.0  1.0
25528382213006;18.17453748105815;15.79059882435135;1.0  0.0  0.0  7.757260257905946  0.0  1.0  0.0  -20.04378498925772  0.0  0.0  1.0  4.499884577925427  0.0  0.0  0.0  1.0
25528382213037;5.701290745392533;10.486681692648247;1.0  0.0  0.0  -8.32670304929167  0.0  1.0  0.0  6.715227130455752  0.0  0.0  1.0  -0.2806224946894531  0.0  0.0  0.0  1.0
25528382213068;4.547083976710081;41.94448171405298;1.0  0.0  0.0  16.403962258372722  0.0  1.0  0.0  56.952408757761845  0.0  0.0  1.0  6.5519575974531925  0.0  0.0  0.0  1.0
25528382213099;3.400518070650358;13.556540766700495;1.0  0.0  0.0  -28.821049535504883  0.0  1.0  0.0  36.134679564375006  0.0  0.0  1.0  10.415840471156665  0.0  0.0  0.0  1.0
25528382213130;4.188278019443553;40.84473738996142;1.0  0.0  0.0  -1.1682978029795148  0.0  1.0  0.0  -49.38486427247917  0.0  0.0  1.0  13.247847952251487  0.0  0.0  0.0  1.0
25528382213161;10.413101164301901;18.157927920506843;1.0  0.0  0.0  1.8001138936145171  0.0  1.0  0.0  -15.958890626959061  0.0  0.0  1.0  -0.7274483594804582  0.0  0.0  0.0  1.0
