# registration_from_features.py RANSAC RANSAC_config.json euclidean True --input_txt=/neural_comparison/point_clouds_registration_benchmark//eth/gazebo_winter_global.txt --input_pcd_dir=/neural_comparison/point_clouds_registration_benchmark//eth/gazebo_winter/ --input_features_dir=/neural_comparison/experiments/3DFeatNet/feature_extraction_voxelgrid_0.1_npz//eth/gazebo_winter/ --output_dir=/root/neural_registration_comparison/results/3DFeatNet/RANSAC_mutual_on/
id;initial_error;final_error;transformation
38591597440030;3.9584549028563556;7.895616459517458;-0.5926645901923527  -0.08873271960692358  0.8005468056293082  18.49798635008982  -0.6339784727385469  0.6644477912618334  -0.3957024498172469  10.17859372608146  -0.49680980227470356  -0.7420482714476397  -0.4500493119707435  -0.6120126994270843  0.0  0.0  0.0  1.0
38591597440061;2.893302858668122;9.93692207425627;0.8692138269100174  -0.06201305227976131  -0.4905320626171036  -4.397073750780837  0.2723993996106862  0.8880233540857588  0.3704228525482957  9.455931326516962  0.41263287581115005  -0.45559730458511977  0.7887744961993851  -6.747775812218366  0.0  0.0  0.0  1.0
38591597440092;2.596560926939177;0.03546016504095839;0.14517234240073076  -0.9687095378346728  -0.2013127475099889  -0.3498115804864872  0.9518838534995638  0.19224775010988138  -0.2386586097850022  -1.6759521305551015  0.26989279436232877  -0.1569797244418022  0.9500080240005714  -5.008130461244157  0.0  0.0  0.0  1.0
38591597440123;2.5491129024057546;5.262518645402329;0.5519398268812264  -0.832561128828292  -0.04695097726866398  4.157843489736459  -0.8023165058213163  -0.5455483869450413  0.242208963476452  5.757055247642725  -0.22726779795869828  -0.09601522934318366  -0.9690874180099439  -0.6766944898285985  0.0  0.0  0.0  1.0
38591597440154;2.8903184466470044;6.950188306291317;0.03532501029122499  0.13031116642911672  0.990843652425451  0.5655426505856671  -0.9231606919380861  0.38401156138205217  -0.017591406575726862  15.040760358943126  -0.3827877747634046  -0.9140864951572151  0.13386335892573284  6.179527292384373  0.0  0.0  0.0  1.0
38591597440185;5.076548343189817;9.520994640647807;0.6090858225691825  0.790457204047323  0.0647446469981262  2.7657162399938215  -0.7928911104208719  0.6049969425272127  0.07281748792894412  7.726881285110615  0.01838879443519282  -0.09568755458477404  0.9952415506482866  -2.853169312686048  0.0  0.0  0.0  1.0
38591597440216;1.6762692747156474;2.961331411114081;-0.11497714604486423  -0.9932009016845971  0.018227034324929337  -0.649065394479639  0.04966145022543704  0.012578692289086757  0.9986868963102516  -2.5822393774934316  -0.9921259981720497  0.11573135008804068  0.04787753500249262  6.081823136203381  0.0  0.0  0.0  1.0
38591597440247;4.93981129019194;4.217141444868556;1.0  0.0  0.0  4.3348633  0.0  1.0  0.0  6.6762859  0.0  0.0  1.0  -2.8031001399999997  0.0  0.0  0.0  1.0
38591597440278;3.836455877765292;2.380319294476941;-0.05861563977248474  -0.7394832131883309  -0.6706182104496741  -0.7376416192305992  -0.9962168240551381  0.08650401766127458  -0.008312304009783514  -2.151699355576387  0.06415797879886395  0.667593912750198  -0.741756106422674  -0.9566924990152859  0.0  0.0  0.0  1.0
38591597440309;3.8455601514228666;7.373424154656402;-0.7257104293173297  0.28552384153624594  -0.6259556763017988  -0.7656509118364758  0.46338188438972083  0.8753565510173168  -0.1379425163265452  12.409878278528307  0.5085485247245227  -0.3901628435736193  -0.7675619541737714  6.446828288510095  0.0  0.0  0.0  1.0
38591597440340;3.1249643016133017;2.1756260712047006;-0.7221444272466838  0.178225087091337  -0.6683885430854151  8.761214075879318  0.22984676977385107  0.9731628375705242  0.011160376168009776  2.341848412093702  0.6524399502031467  -0.14556754412632816  -0.7437285805157311  -2.896597034743217  0.0  0.0  0.0  1.0
38591597440371;1.9082676334258446;7.287500757610142;0.6533150241147112  0.6752880192034161  0.3422945666912072  -3.325994871451898  -0.7141326469044814  0.6997904249059141  -0.017547758694476966  11.922115858869976  -0.25138425147807864  -0.23297951053757307  0.939428818899271  7.442523080624505  0.0  0.0  0.0  1.0
38591597440402;1.653095540299216;6.286007277356769;-0.5556537836715875  -0.4390175157844553  0.7060541718068764  5.935077489699415  -0.8208134684848591  0.15448965618977578  -0.5499074431976894  13.032008554616034  0.13234093337022984  -0.8850969251809715  -0.44619425185661693  1.4866228552707834  0.0  0.0  0.0  1.0
38591597440433;5.513897604577699;1.8465619275696954;0.8701933389939183  -0.46931234283866846  0.1500315887734844  -4.700746855737639  -0.33080628621424363  -0.7821687237742141  -0.5279955383812984  -4.557166511196293  0.36514483944286524  0.4098268078209345  -0.8358894866066608  3.3824733272705685  0.0  0.0  0.0  1.0
38591597440464;2.6229936829188185;0.7073893148035734;-0.5437734827700976  0.805889500375619  -0.23420613275577185  5.48728652488705  -0.8088949019466636  -0.5776498501124439  -0.10958872327830703  -1.4568022865785593  -0.22360553893134352  0.12985670506141375  0.9659905792034508  0.11094677057046765  0.0  0.0  0.0  1.0
38591597440495;7.040304842930483;2.573692297828867;-0.9728052673818322  0.22881954145827682  0.03593785192504614  16.119703933941793  0.2312918858033907  0.951332508788916  0.20364312235599621  -2.0791373300342526  0.012408679046292106  0.20641723563746295  -0.9783853788339819  0.2818431846786862  0.0  0.0  0.0  1.0
38591597440526;4.4907205692444;6.759749106866965;-0.39304935365105687  -0.9007216889237634  0.18496660427442008  0.4676176184099834  -0.8611768054492317  0.2900766260347798  -0.4174087454576567  21.9565070256208  0.32231462168313557  -0.3233511869942677  -0.8896950570384524  0.1592570886520306  0.0  0.0  0.0  1.0
38591597440557;2.48450718425269;0.30926631446753533;0.7910305391997974  0.5068420289557982  0.34261033804782787  5.794751597843641  -0.6106394495585471  0.6200005716093597  0.4926649509016255  2.87396629406577  0.037284697881459376  -0.5989244099951482  0.7999371240390408  -2.2473680313597755  0.0  0.0  0.0  1.0
38591597440588;2.328820346378117;2.271110849634412;-0.3478950426819944  -0.9173116356939658  0.1936708607347904  6.904614895952097  0.5866006080304647  -0.37412173936977183  -0.7182845193857559  -0.6071205278034284  0.7313472266547425  -0.13628017886471191  0.6682506617378091  -5.569819601617214  0.0  0.0  0.0  1.0
38591597440619;6.320591373756098;0.07813831418130329;0.5931485928174102  -0.7821296561896887  -0.1909134561714449  -0.6971390495392837  0.8040090548828208  0.5877556465760154  0.09007074766229058  -5.656276396147377  0.04176345897025377  -0.20692148469071586  0.9774657603559471  8.983511594132208  0.0  0.0  0.0  1.0
38591597440650;2.279414240855783;3.5589203172411583;-0.01649101728302621  0.9184332628233629  -0.39523206864904403  -1.6844606944105909  0.500926100037443  0.3496894013604711  0.7917009314617691  1.360542861481286  0.8653329351470732  -0.1849261050143728  -0.46583392645229793  2.4514215351391364  0.0  0.0  0.0  1.0
38591597440681;2.179632741963947;2.3975771332791425;0.5391820514262886  -0.10597421302935922  0.8354951714956509  -3.5599078683502063  0.439543514954807  0.8816324227536282  -0.1718306422345599  3.152641037055626  -0.7183900151595322  0.4598844825848945  0.5219406563937246  -2.734437413796005  0.0  0.0  0.0  1.0
38591597440712;3.8212360075464504;1.1431479008411438;-0.37886994714148925  0.7057911646017556  0.598595351738637  7.617418407737391  -0.2087113128783877  0.5649881437529718  -0.7982656107431605  -1.685622615632246  -0.9016080917059169  -0.42737247149140106  -0.06675042757725794  8.957947282520099  0.0  0.0  0.0  1.0
38591597440743;5.199898909440479;2.955186621744089;-0.7617441280448514  -0.6291985231743346  0.15445096899801333  1.5552815030936857  0.6477229395404641  -0.7343894862306455  0.20279811662574385  3.3984834839157876  -0.014173107713178118  0.2545217101724816  0.9669631958190683  -8.436209821727248  0.0  0.0  0.0  1.0
38591597440774;4.068195372446665;0.09255002041435943;-0.7880677062844014  -0.579007512297215  -0.20904447138117072  0.605138437951847  0.6100038680282535  -0.6888741178875808  -0.39159638748994613  9.097663682720942  0.08273192432315049  -0.436122403010895  0.8960762681210738  4.101672532180372  0.0  0.0  0.0  1.0
38591597440805;6.856595695350732;0.7792415009487285;0.533338492875911  0.7552002536538293  0.3810808692364974  1.6337910412682948  -0.6669775547935078  0.6525219459703737  -0.3596610229489852  -2.0707273128080868  -0.52027972612675  -0.06235131841612335  0.8517166897937634  -7.492974625070907  0.0  0.0  0.0  1.0
38591597440836;1.767433218515084;0.8407648967330221;-0.12812956452499472  0.9053742478694018  -0.40482130130410676  -1.7269305375783652  0.719812375619314  0.3656913488675064  0.590033881458297  0.25014170747757625  0.6822411293669673  -0.21579459830676725  -0.698555461464375  -0.06725329600362207  0.0  0.0  0.0  1.0
38591597440867;2.621604289268463;3.7536283529857024;-0.5002423926116484  -0.7982754397711271  -0.3354308734931637  -3.6852950935748687  0.7078218421550972  -0.1538646068162212  -0.6894301433339377  4.610297737489521  0.4987442113973232  -0.5823074832315851  0.6420063913779669  -2.8710617165357246  0.0  0.0  0.0  1.0
38591597440898;2.670728938211616;0.06389430881881722;-0.20361047811969712  -0.9787803901581003  -0.023059077211096055  4.5977841409686215  0.9730715023534426  -0.20490987386149925  0.10556417432860504  -5.2302696370954465  -0.10804917633875785  -0.0009441588973269771  0.9941451021136166  -2.022436698143231  0.0  0.0  0.0  1.0
38591597440929;1.8420211736250836;0.4951065183988674;-0.6391119230362942  0.6605715652271427  0.3939303961948265  3.7140971912275944  -0.21014195597820745  -0.6426769201404552  0.7367541887606965  -1.3411059913578134  0.7398488414335074  0.38808708240824247  0.5495562831024269  -0.25382647123547963  0.0  0.0  0.0  1.0
38591597440960;4.0321706019458725;0.12800507529360036;-0.251129720547386  0.9623259340610769  0.1042240859459462  0.3872842969676795  -0.8662219820207946  -0.271481059006495  0.41947289836731816  1.3708758241969363  0.43196451396122565  0.015060917441783629  0.9017648404346077  -5.388395761491779  0.0  0.0  0.0  1.0
38591597440991;5.87031157311765;8.310629388961933;0.7862607858947904  0.6165319778720955  -0.0410158118928282  -5.31851376987595  0.5245213806918216  -0.7010595606337108  -0.48310745558438  14.270525253578985  -0.3266057221808145  0.3583347774151851  -0.8745998453770492  13.398847902851692  0.0  0.0  0.0  1.0
38591597441022;4.407785844403787;0.01212037073268469;-0.08115075251468737  0.9432202205046208  0.32210273360764197  5.0660600220851855  -0.9308007715691795  -0.18727862949304527  0.31390546121631513  7.584177249151067  0.35640493685206  -0.2743398085703611  0.8931479107186318  6.532511969331873  0.0  0.0  0.0  1.0
38591597441053;5.317946691794153;3.0157755661092986;0.82964856670865  -0.5562755824922632  -0.04733637165199597  2.820734208087339  0.5576722685707173  0.8297268092121685  0.023559773805858733  -7.64734194330795  0.02617052971325194  -0.04594451433508589  0.998601124061575  -8.541013148750027  0.0  0.0  0.0  1.0
38591597441084;5.062681624331849;3.3145356661496574;0.9764250950189938  0.20514189217200504  -0.06716277163159798  -7.224303610995168  -0.1696369050349954  0.9216681296901719  0.34892861614314213  10.102602277683616  0.13348166266306644  -0.3293093724592572  0.9347395267897862  0.9661781092368591  0.0  0.0  0.0  1.0
38591597441115;4.0304954775959185;2.52815375187532;0.7326705572397167  -0.6805774798206706  -0.0028545603842631048  -0.636274281850298  -0.6748972872197521  -0.7260017621192965  -0.13204201264406673  0.7491098172403596  0.0877924043266971  0.09866983004252626  -0.9912400104827876  -2.1458764448947596  0.0  0.0  0.0  1.0
38591597441146;3.50878041807317;3.3232097642036655;-0.304859933021033  -0.9394856276281693  0.15629195986523206  8.509996337171088  -0.6228311952135074  0.32081293818626094  0.7135547357850076  0.4400040294605705  -0.7205149016552848  0.1201907407931345  -0.6829439671893093  2.3439616332689535  0.0  0.0  0.0  1.0
38591597441177;1.8734213949510077;1.6781053693961163;0.5139119075646328  -0.21408645632811027  -0.8306994284818985  3.9852028548310034  -0.3685558169351767  -0.9295338535254191  0.011550971969015259  -1.6316769990232585  -0.7746361475341341  0.3002229244529082  -0.556601324617916  2.2387401926690664  0.0  0.0  0.0  1.0
38591597441208;4.856694250338816;0.02613251740219788;0.4567126351065195  -0.8671790418002697  0.19852979221372774  5.584873956107908  0.8847092143178664  0.4661425348736386  0.0008621384127343867  -6.72130730981268  -0.09329080895309777  0.17524738698178988  0.9800944741814083  7.335481958698017  0.0  0.0  0.0  1.0
38591597441239;3.562972413096303;4.213619021725523;0.06144342404172221  -0.9537883421948802  0.2941300799564226  1.9394385723955647  0.9308417026483201  -0.051595250042641594  -0.3617618758020442  1.9553349262505848  0.3602199748109556  0.2960164327637568  0.8846557755878919  1.3541175185276293  0.0  0.0  0.0  1.0
38591597441270;3.8856885051039876;3.8680094311331725;0.6392674705585603  -0.5072272524880471  0.5779771755174138  -5.7210767841804415  0.5035129303606481  -0.29198819987299607  -0.8131528885114782  3.572891893729941  0.5812158205394047  0.810841171542463  0.06873692229327938  3.174207316936797  0.0  0.0  0.0  1.0
38591597441301;5.885271651627378;3.1267494040192405;0.6627500153403497  0.7487888841949849  -0.008810452451259002  2.2169202379078627  0.3264011045370413  -0.2782673137788806  0.9033435786229324  1.3883457778682056  0.6739619693449814  -0.6015667120015167  -0.4288271853419727  3.5437745486402434  0.0  0.0  0.0  1.0
38591597441332;4.848688954378692;2.3111816529166234;0.39762958988625274  0.8887482397514842  0.22807296110132977  7.218354514963178  -0.7842943921731501  0.45822307744293317  -0.4182271125889337  7.700098403847587  -0.4762069042471343  -0.012576869140048604  0.8792433148508977  -0.7314380423585178  0.0  0.0  0.0  1.0
38591597441363;1.9312590227021411;3.527973287142948;-0.2557362829183164  -0.4788749108132788  0.8398081765455124  10.85573500712861  0.3225432609182684  -0.8611848054161022  -0.39284421308788836  -5.633361776436069  0.9113532786111732  0.17040994898774664  0.3746940763485075  -1.3758302905376105  0.0  0.0  0.0  1.0
38591597441394;1.946076302141685;2.89815999559475;0.5009602681097379  -0.5478015569491503  0.6700390018345995  2.933236868118777  -0.8597761469132255  -0.40365940171251574  0.31280035902815334  -0.10081176697319341  0.09911501891473008  -0.7327841030025016  -0.6732040340137245  2.678135681006527  0.0  0.0  0.0  1.0
38591597441425;2.927510512380139;4.575927971273845;-0.9628257353785363  0.2688863189778252  -0.025821517370914093  9.36063773156587  0.26858945578114646  0.963146898985654  0.014413716297551407  -6.379051364580053  0.028745565500939402  0.006942509695630282  -0.9995626513746688  -1.3970994106270842  0.0  0.0  0.0  1.0
38591597441456;2.426629832247053;7.324876488597281;0.022099828363663976  -0.7082821874646643  0.705583404358809  0.30452542761289103  0.3559151484842131  0.6650921248135511  0.6564882882355608  6.991300008331384  -0.9342569264745951  0.2366195436376007  0.2667867817246131  7.837076090565317  0.0  0.0  0.0  1.0
38591597441487;5.191066102703561;2.749605657471297;-0.2562726563634254  0.6660615746580975  -0.7004900458710386  8.537372452175727  -0.6732100018079739  0.3970392174204178  0.6238174038097132  7.645453718097665  0.6936228219040532  0.6314442482073603  0.3466490189510134  5.610448298487837  0.0  0.0  0.0  1.0
38591597441518;4.920812353335283;6.743665796557582;0.14492212580541522  0.9581772733046806  0.24676687454852309  -0.8520381684603617  0.8167236407911087  -0.25662861012692606  0.516821295069425  13.40700182847067  0.5585338593361687  0.12664149946494377  -0.8197571948987794  7.880276964803665  0.0  0.0  0.0  1.0
38591597441549;4.927630398119143;2.2965263073620976;0.3120078493835094  0.9496361241472694  -0.029022984643717213  3.169336890726661  -0.9427261604708242  0.31324181379160104  0.11466016072065419  -0.6965762852457  0.11797664297230878  -0.008414143277843629  0.9929807218198572  -5.284197394536221  0.0  0.0  0.0  1.0
38591597441580;4.789769207117012;0.12410290239844456;0.6211568041965699  -0.7831141646446835  -0.02994043642240811  -2.966810777715767  0.6674510290196162  0.5486629677335119  -0.5034660581394856  3.6546276244038416  0.41069861024960985  0.29274759259593464  0.8634960906502844  -5.396375020147397  0.0  0.0  0.0  1.0
38591597441611;3.8037185845764383;2.3249275771604836;-0.6379221360129471  0.36991799280260484  -0.675437655883628  14.251215004284017  -0.5600818350095758  -0.8248288318039432  0.07723817914249657  -0.23779799671248392  -0.5285486604627665  0.42757230596220097  0.7333609184413775  0.27475878065209214  0.0  0.0  0.0  1.0
38591597441642;2.439160696844833;0.06162325508959143;0.12723202131846775  -0.9881788286111729  -0.0855255250546165  2.3923529460921196  0.9918663050428428  0.12707369071689287  0.007315056270792736  -3.919116945107908  0.0036394603822932636  -0.08576059591816287  0.9963091259824374  -2.3558074259203607  0.0  0.0  0.0  1.0
38591597441673;5.598187939653337;4.3888936738763356;0.9172432020523754  -0.36784948923807076  0.15281250457994613  3.4633386520505742  0.3964550145903457  0.80592198716258  -0.4396739382930125  -0.145122870565074  0.038578876278014644  0.4638712147516909  0.8850622387323485  6.039278109983316  0.0  0.0  0.0  1.0
38591597441704;4.778579004204095;0.15370557635871568;0.7200719835077061  -0.6780762130841186  0.14733970210632052  -4.952214063234151  0.6938080306072881  0.7001142159537764  -0.16873203988651947  1.1634030248469296  0.011258562613180229  0.2237246831910383  0.974587354165318  4.4163863973918485  0.0  0.0  0.0  1.0
38591597441735;4.169490407709132;0.6859398337213971;0.16642994190665836  -0.6817379938043301  -0.7124144736321645  -4.234744825061359  0.23258174545894644  0.7292461263147773  -0.6435105429860198  -2.456305417870454  0.9582310817940611  -0.05859517948209997  0.27992820298291543  -4.845055803774604  0.0  0.0  0.0  1.0
38591597441766;1.9262032552907409;2.787369053284967;-0.528492435938868  -0.8487642153026321  0.01717707708281499  5.526094844565409  0.8486564649456021  -0.5287300680619867  -0.015057211999621595  -3.7521339548491843  0.021862059862606975  0.006619814867071909  0.999739080155262  -1.1595997191003518  0.0  0.0  0.0  1.0
38591597441797;2.2135128812075298;5.5124230105258825;0.7689110270784508  0.4964380840215433  0.40289584407161794  -5.904284980220405  0.6222349337220294  -0.7258994991760223  -0.29307610675717377  12.119186591579917  0.14696775052066352  0.4760453190915963  -0.8670532477754042  9.698918278319164  0.0  0.0  0.0  1.0
38591597441828;5.443305572519713;4.206038157789865;-0.8388238244170458  0.2735318855689394  -0.4706961856308815  17.206696603649387  0.4598956181385905  0.8187160433055387  -0.34380235725056774  -2.833934448277745  0.29132561165693077  -0.5048607213987077  -0.8125546381514852  -2.862662954379572  0.0  0.0  0.0  1.0
38591597441859;1.9328163177142916;0.06479970975648108;0.5084393782345809  -0.8593360843621556  -0.055053544604783455  -1.9958387811134335  0.8477920664151213  0.4883629810805835  0.20676124113011182  -1.9841141823107145  -0.1507912821883651  -0.1517995152271706  0.9768412851598691  -3.2281011356226355  0.0  0.0  0.0  1.0
38591597441890;4.287804159875307;0.352147853905714;0.14050642366405192  -0.9748432571139407  0.17302765376846946  6.051908041161587  -0.8013439146954018  -0.21460845074392343  -0.5583826136708959  2.7944914596494073  0.5814687225378388  -0.06019831333830237  -0.8113385777722129  -1.4967837469634548  0.0  0.0  0.0  1.0
38591597441921;4.652169079942416;0.04532788450640234;-0.31659407364812375  -0.9382983201772677  -0.13915622473825512  6.8263880451921635  0.946547814228818  -0.32205712763189887  0.018067703787067624  -4.320026894865293  -0.061769150144167784  -0.12599789241891424  0.9901056020427617  -4.1640571073820425  0.0  0.0  0.0  1.0
38591597441952;1.783388299920841;0.0527019917165013;0.5499825799582864  -0.8350749210601337  0.013001459873384004  -0.23446670602285402  0.8351185638334824  0.5496952638628338  -0.020300276536821316  -5.971157309688063  0.009805410910782977  0.022022558960786698  0.9997093881792299  0.09121274930629575  0.0  0.0  0.0  1.0
38591597441983;5.49349230429743;5.351536907687926;-0.11550714834957665  0.8992340970248079  0.42194328698075867  12.238406998157226  -0.3694334157300134  -0.43320507864546165  0.8221023726871451  11.346186357657679  0.9220504595857019  -0.06092124903313787  0.38224540728966094  2.3641474029089804  0.0  0.0  0.0  1.0
38591597442014;1.4576110063785062;3.2022305086348286;-0.28028138351457355  -0.9243440895028062  -0.2589022021080254  9.024750449384912  -0.5315323436229566  -0.0751416814960329  0.8436984623576345  5.454587191032243  -0.7993220338123079  0.37408786655433923  -0.47025796575813494  7.452318154415931  0.0  0.0  0.0  1.0
38591597442045;3.4058146160113;0.03140685787976385;0.6037909442643318  -0.7895710836823733  0.1096083912710587  2.870013401960491  0.7952447902437113  0.6061147097037083  -0.014514898243717378  -1.3513376306589224  -0.05497471432051715  0.09592946624177845  0.9938688637299926  7.439369073891568  0.0  0.0  0.0  1.0
38591597442076;1.5195309119701852;1.5044343418005457;0.27824812559359063  -0.23088565407039163  0.932346392360769  1.590659444870738  0.8696093986751768  0.4727430692620396  -0.14245520067903433  -5.016631861232918  -0.4078694329555118  0.8504150781878188  0.33232020770840165  4.582802474744167  0.0  0.0  0.0  1.0
38591597442107;3.7055155609155883;1.8137609122878713;0.8124688836932639  -0.39672933666143595  -0.42720035868711376  -6.352550772869023  -0.5266458861876278  -0.8137435630307566  -0.24589738548357384  -4.227686999918084  -0.2500768353763895  0.42476728576737893  -0.8700771973508695  1.15388145655601  0.0  0.0  0.0  1.0
38591597442138;5.646923884727078;6.1065476338896385;0.715271720790663  0.6920429753662487  0.09727736470214121  -6.231195110742303  -0.6979484895202756  0.7003440769697692  0.14961978421895905  1.2079112050564924  0.03541569445217183  -0.174913390280995  0.983946662419706  -5.736306520887308  0.0  0.0  0.0  1.0
38591597442169;1.4800799852740398;2.372138204097174;0.5026018876262898  -0.8610331392797554  0.07754531331124635  3.588692075681312  -0.7247284204882023  -0.46853808573704503  -0.5052135971552437  4.029861071577977  0.471338582222128  0.19772201515237114  -0.8595033133344628  2.537727274369568  0.0  0.0  0.0  1.0
38591597442200;3.2131369785042154;3.278237595211593;0.5776879442110023  -0.6049823347169143  0.5479717271846588  5.341386598667471  0.6481700679834367  0.7480358455105807  0.14254100042309903  6.207957170043518  -0.4961372814893206  0.2728346541620817  0.8242627308113868  5.6129718279321175  0.0  0.0  0.0  1.0
38591597442231;3.3002375565089763;2.8650593130554127;-0.8064009984448999  0.5909691105981344  0.02174718432162395  16.978150626413996  -0.5869210582892103  -0.8042961157269797  0.09290548726079753  -2.1564587054823114  0.07239544905408063  0.06215519725125899  0.9954374065760814  2.1922908677185142  0.0  0.0  0.0  1.0
38591597442262;3.603766945068243;4.490619739096505;-0.7371989222975414  -0.6708138948121339  -0.08091024342021971  -11.250504078280366  -0.2685851834306705  0.40081233339680605  -0.8759060866545686  6.413834170523008  0.6199997969393672  -0.6239857305451647  -0.47564909320964754  0.2841130570736454  0.0  0.0  0.0  1.0
38591597442293;2.0154890518338;3.268241053631581;-0.6325058745124793  -0.15768645214873148  -0.7583345577750954  11.088083881626957  0.21819793899130527  -0.9756809649694503  0.020888130989363513  -7.647935501572196  -0.7431863683674171  -0.15225517201405012  0.6515308008588861  5.354084489212665  0.0  0.0  0.0  1.0
38591597442324;5.849680243723311;0.5118842680301031;0.21787037194722214  0.679046751555856  0.7010192652338579  -4.29458954612465  -0.8685301281783147  -0.19273662881193732  0.45662677140173163  -0.9889933894728422  0.44518301570717944  -0.708341796815385  0.547780961160765  -1.933290254491936  0.0  0.0  0.0  1.0
38591597442355;5.300655887315837;2.7835245028199473;-0.543963869951818  0.7357309058751648  0.40348896184053307  10.388772180101908  0.3237147057250562  0.6276297534168545  -0.7080181367191373  -6.88062276262663  -0.7741525027308137  -0.25452097510030075  -0.5795748232537454  0.4028789422103327  0.0  0.0  0.0  1.0
38591597442386;1.9258199135952243;7.115089409402048;-0.75038468656591  -0.6153672171950215  0.24134210194045475  7.474184281134444  0.5798418455792211  -0.43751641249754825  0.6872865653499692  17.64039752992275  -0.3173424905093296  0.6556695637262195  0.6851212789867244  2.903666937485898  0.0  0.0  0.0  1.0
38591597442417;4.983836368994222;0.2315427525456882;-0.9634517679665439  0.19702176370620295  0.18150238408417396  7.351659060359297  -0.19244777867383725  -0.9803797228460672  0.04265502919673869  -5.323534663744942  0.18634522608762372  0.006166332651257211  0.9824649780302539  -7.757779949056303  0.0  0.0  0.0  1.0
38591597442448;3.9670676070792013;0.4581604047846785;0.38576838415324044  -0.8412900021710409  0.3787002588259599  -3.618229718930838  0.7655715749561335  0.06283324411889807  -0.6402750557789064  2.488859053749482  0.514862037255597  0.5369200272671397  0.6683067910117857  6.584087678114528  0.0  0.0  0.0  1.0
38591597442479;2.535069451706357;3.221083042886479;0.9382011929342721  0.3199526018468557  -0.13194261687618802  6.784681573390573  0.29482063126302316  -0.9385376567721733  -0.1795212026538111  -1.5161418834653067  -0.18127139034712964  0.12952760088886772  -0.9748657772481257  6.0607818755679155  0.0  0.0  0.0  1.0
38591597442510;2.7117678210954486;7.543241162806543;-0.2107181989687884  -0.6657181390594235  0.7158332207648705  -3.2309354200942484  -0.5689577387412916  -0.5119429377817503  -0.6435848972604834  15.841580383200546  0.7949119021311394  -0.5428939010365185  -0.2708897932141497  1.2476236079240488  0.0  0.0  0.0  1.0
38591597442541;1.1504027505085501;3.5927335562377856;-0.6924943617115231  0.68209478318533  0.23494311172942922  -3.0404450606198017  0.47933086386358814  0.1916383396811997  0.8564558772709888  -2.4788976986933804  0.5391599780635947  0.7057063507689234  -0.45965755137805925  6.877087942280161  0.0  0.0  0.0  1.0
38591597442572;2.4453153833729853;3.1718755736972133;0.990300951078109  -0.1311202209628107  -0.045951212698433705  2.2237409145010716  0.13562187259720285  0.9840965982716374  0.11471962754219203  2.3406548326695744  0.0301783691908815  -0.1198389457766331  0.9923345671234695  0.51295292650215  0.0  0.0  0.0  1.0
38591597442603;2.022769694472952;0.02762024988509974;-0.5626933212977409  -0.7769561038471032  0.28233922657265786  7.0118527675359115  0.77916697548871  -0.612574328328567  -0.13285901015957113  -2.0882713384878455  0.27617938097311606  0.14523052353942015  0.950070020870974  0.07338700555564248  0.0  0.0  0.0  1.0
38591597442634;2.3143065310168365;1.653331804386566;-0.8935885684917723  -0.09909372366840455  -0.4378126359418546  7.8125433549230445  0.14173650104502977  -0.9877197846944015  -0.06572968275260063  1.447258574264316  -0.42592280348947875  -0.1207893242500146  0.8966603061443548  3.153718525455541  0.0  0.0  0.0  1.0
38591597442665;1.7442633128967042;8.676031413171795;0.8137432607600638  0.5769779952623034  -0.07013058213555795  -10.890339537814128  -0.5790554859437451  0.7943691118722938  -0.18350056757862224  10.825080549691705  -0.05016622136489817  0.18993184853077374  0.9805147847674972  0.7297303548028689  0.0  0.0  0.0  1.0
38591597442696;4.239524031860057;0.04035845390522874;-0.09561537737881728  -0.9916269764156616  -0.08679653940935747  -5.296245541650705  0.9922241214210141  -0.10192534877144893  0.07143189867359596  0.8293857264899955  -0.07968056525278175  -0.07929163210927276  0.9936618361386559  -4.2035378286995595  0.0  0.0  0.0  1.0
38591597442727;3.3606588330920775;2.7705374504110214;0.9852108823479055  0.13696630807610535  -0.1029550763938451  7.345802041039801  0.1521851903330481  -0.9755655543473513  0.1584661383836904  5.088284283854422  -0.07873490424554414  -0.17179080191601181  -0.9819820442505549  -1.1325492066282212  0.0  0.0  0.0  1.0
38591597442758;5.505400493338908;5.0724507293456655;-0.8000663011122704  0.3278638901503021  0.5023934547344744  -2.0256755510563966  0.5525522231948885  0.7288605652407577  0.40428741889812636  4.020737261394376  -0.23362353149226153  0.6010553601561454  -0.764298697866646  8.108218831390925  0.0  0.0  0.0  1.0
38591597442789;2.5679788633882894;6.123990552710295;-0.8043446398401285  0.5217137382884343  -0.2843316296889263  -5.490989541407346  0.10093760424418952  0.5915675851397612  0.7999121153360254  7.463516985044768  0.585526515548098  0.6147052688020646  -0.5284847510544506  10.179178900376412  0.0  0.0  0.0  1.0
38591597442820;4.890369584704633;2.2187557219382747;-0.5426607783688385  0.8356396584715606  0.08500376938500787  1.3616876648105092  0.8091935911941702  0.5472406541504481  -0.21385368459596785  1.3834299382858604  -0.22522213832216498  -0.04726550152619642  -0.9731602955192268  6.734190364772487  0.0  0.0  0.0  1.0
38591597442851;3.7198562228278598;4.853386927711725;0.2856325990337666  -0.8262796136394617  0.48546474480958784  5.49291609510651  0.5166549548551721  -0.29387950313420613  -0.8041781489577995  12.31189983855053  0.8071441482119633  0.480517260586355  0.34295989019966977  8.596254554887778  0.0  0.0  0.0  1.0
38591597442882;2.8047071756103454;6.0586689913264085;-0.014084623936178431  0.09740171785332752  0.9951454811874476  -6.189898874808826  0.09211062076488653  -0.9908859711113793  0.09828848252448502  -1.3549865519359359  0.9956491635666065  0.09304782433716238  0.0049845235717024886  -6.674911767644797  0.0  0.0  0.0  1.0
38591597442913;2.6498156260201227;1.5492365551202487;-0.8880110408619547  0.15220871489167057  0.4338996409520229  3.7405579669080886  0.3076479954436718  -0.5046437634608097  0.8066519589634685  2.693357176400127  0.3417442058130009  0.8498042004551029  0.40130252762984786  -0.6953640034798578  0.0  0.0  0.0  1.0
38591597442944;3.9890625842330967;0.07233011411124161;0.4935024523413569  -0.8685868944926305  -0.04485684171577997  -3.478729425614316  0.8649184944538834  0.49553657365133047  -0.07974648660303105  1.5977213293716845  0.09149495879388235  0.000557574701434832  0.9958053834087045  -1.4728733670924306  0.0  0.0  0.0  1.0
38591597442975;4.829702581700206;1.8112332190785234;-0.3798417703678662  0.8871878521456499  0.2619502710229447  3.3128941613198464  -0.910668246916343  -0.40837151785084014  0.0625783306466021  4.7760926519122755  0.16249176453629804  -0.2147799301922549  0.9630503663072304  -6.472608429221967  0.0  0.0  0.0  1.0
38591597443006;1.5836086183196916;4.029309617650403;0.9594532504682647  0.27722044582710526  -0.050973371296225145  4.181697574822476  -0.18387426285354758  0.47850815332644425  -0.8586152821026309  2.944700164061918  -0.21363453753067718  0.8331739143873487  0.5100799082090144  -3.568707383128151  0.0  0.0  0.0  1.0
38591597443037;3.2675087807083063;6.640716884227113;-0.5527309003095238  0.7332092856414273  0.39609682565278287  3.547714899996401  -0.013369883734011184  0.46743795477246713  -0.8839247731832568  17.650550643103628  -0.8332525415814599  -0.4938683041938618  -0.24856447867850492  11.916212964978108  0.0  0.0  0.0  1.0
38591597443068;3.1958174120499194;4.506602070479463;0.6077769419698604  -0.7809588245826287  0.14391144192274688  7.041901557822442  -0.6867775826735211  -0.6079099500849949  -0.3984746472798163  11.183204580560645  0.3986774896415395  0.14334855037348054  -0.9058186641701204  11.320196643162468  0.0  0.0  0.0  1.0
38591597443099;4.778408638902547;4.040821739879124;0.6967964449012178  -0.7052574234513449  0.13071603206873586  0.29047162488693434  0.30019908236305715  0.12123498048618017  -0.9461408935538588  -6.462200969418969  0.6514255332126635  0.6985084438811647  0.2961937347502665  1.3163651608194595  0.0  0.0  0.0  1.0
