# fast_global_benchmark.py --distance_metric=euclidean --decrease_mu=True --division_factor=1.4 --iteration_number=150 --maximum_correspondence_distance=0.05 --maximum_tuple_count=1000 --tuple_scale=0.95 --tuple_test=True --use_absolute_scale=False --input_txt=/neural_comparison/point_clouds_registration_benchmark//tum/long_office_household_global.txt --input_pcd_dir=/neural_comparison/point_clouds_registration_benchmark//tum/long_office_household/ --input_features_dir=/neural_comparison/experiments/3DFeatNet/feature_extraction_voxelgrid_0.1//tum/long_office_household/ --output_dir=/neural_comparison/experiments/3DFeatNet/results_fgr_voxelgrid_0.1/
id;initial_error;final_error;transformation
26456013410030;nan;nan;1.0  -0.0  0.0  -5.700577683582887  -0.0  1.0  -0.0  -8.194907299518716  0.0  -0.0  1.0  -6.870551430625668  -0.0  0.0  -0.0  1.0
26456013410061;nan;nan;1.0  -0.0  0.0  1.2639624258333337  -0.0  1.0  -0.0  4.2081354766666665  -0.0  -0.0  1.0  0.7505722920966666  -0.0  0.0  -0.0  1.0
26456013410092;nan;nan;1.0  -0.0  0.0  -0.6000190875  -0.0  1.0  -0.0  -1.7465807375  0.0  -0.0  1.0  -10.8175383275  -0.0  0.0  -0.0  1.0
26456013410123;nan;nan;1.0  -0.0  0.0  1.3662613557142866  -0.0  1.0  -0.0  -3.5944829446726194  0.0  -0.0  1.0  1.0139977688916668  -0.0  0.0  -0.0  1.0
26456013410154;nan;nan;1.0  -0.0  0.0  5.670826521444444  -0.0  1.0  -0.0  4.3556871  -0.0  -0.0  1.0  2.3539634017222224  -0.0  0.0  -0.0  1.0
26456013410185;nan;nan;1.0  -0.0  0.0  -14.081652335494505  -0.0  1.0  -0.0  -1.0552784133846156  0.0  -0.0  1.0  5.5022139804945045  -0.0  0.0  -0.0  1.0
26456013410216;nan;nan;1.0  -0.0  0.0  9.09355250125  -0.0  1.0  -0.0  -6.37384647625  0.0  0.0  1.0  -10.097732444354167  -0.0  0.0  -0.0  1.0
26456013410247;nan;nan;1.0  -0.0  0.0  1.010182738709677  -0.0  1.0  -0.0  6.469740585161291  -0.0  -0.0  1.0  12.351913956251613  -0.0  0.0  -0.0  1.0
26456013410278;nan;nan;1.0  -0.0  0.0  -4.942589179982143  -0.0  1.0  -0.0  -3.7914643317142858  0.0  -0.0  1.0  -1.4678147284639285  -0.0  0.0  -0.0  1.0
26456013410309;nan;nan;1.0  -0.0  0.0  0.5451055999999999  -0.0  1.0  -0.0  4.509463666  -0.0  -0.0  1.0  1.8494673925999998  -0.0  0.0  -0.0  1.0
26456013410340;nan;nan;1.0  -0.0  -0.0  -4.4672524575  -0.0  1.0  0.0  11.32325415  -0.0  -0.0  1.0  -8.543140763775  -0.0  0.0  -0.0  1.0
26456013410371;nan;nan;1.0  -0.0  0.0  -4.643434044444445  -0.0  1.0  -0.0  -0.10472643833333334  0.0  -0.0  1.0  -6.434712547  -0.0  0.0  -0.0  1.0
26456013410402;nan;nan;1.0  -0.0  0.0  1.7320824788888896  -0.0  1.0  -0.0  -1.2231878624777774  0.0  0.0  1.0  -9.2327431738  -0.0  0.0  -0.0  1.0
26456013410433;nan;nan;1.0  -0.0  -0.0  -4.9181687603896105  -0.0  1.0  0.0  3.1039630303116876  -0.0  -0.0  1.0  -11.068586794902599  -0.0  0.0  -0.0  1.0
26456013410464;nan;nan;1.0  -0.0  0.0  -2.1360818867642855  -0.0  1.0  -0.0  -8.419006188857143  0.0  -0.0  1.0  -8.942075543571429  -0.0  0.0  -0.0  1.0
26456013410495;nan;nan;1.0  -0.0  0.0  -0.7977197248333338  -0.0  1.0  -0.0  -8.045409939583333  0.0  -0.0  1.0  5.764676835584354  -0.0  0.0  -0.0  1.0
26456013410526;nan;nan;1.0  -0.0  0.0  -10.65510856736842  -0.0  1.0  -0.0  -10.323972789473684  0.0  -0.0  1.0  -1.6489589646915785  -0.0  0.0  -0.0  1.0
26456013410557;nan;nan;1.0  -0.0  0.0  -3.9192019565359484  -0.0  1.0  -0.0  -7.98101112951634  0.0  -0.0  1.0  -4.482374201306928  -0.0  0.0  -0.0  1.0
26456013410588;nan;nan;1.0  -0.0  0.0  4.159367995  -0.0  1.0  -0.0  8.242124527500001  -0.0  0.0  1.0  -9.910945213337499  -0.0  0.0  -0.0  1.0
26456013410619;nan;nan;1.0  -0.0  -0.0  -4.140011042272727  -0.0  1.0  0.0  7.943573162727273  -0.0  -0.0  1.0  -2.8666989045000006  -0.0  0.0  -0.0  1.0
26456013410650;nan;nan;1.0  -0.0  0.0  -4.645671844444445  -0.0  1.0  -0.0  -0.08266677133333335  0.0  -0.0  1.0  -2.002804147  -0.0  0.0  -0.0  1.0
26456013410681;nan;nan;1.0  -0.0  -0.0  -2.7022169552727267  -0.0  1.0  0.0  0.1680593327272727  -0.0  -0.0  1.0  -1.5122311044999999  -0.0  0.0  -0.0  1.0
26456013410712;nan;nan;1.0  -0.0  -0.0  -2.5799947658645834  -0.0  1.0  0.0  0.04100252410416649  -0.0  -0.0  1.0  8.638678907822916  -0.0  0.0  -0.0  1.0
26456013410743;nan;nan;1.0  -0.0  0.0  -0.0038769257941176916  -0.0  1.0  -0.0  -2.6981882360712186  0.0  -0.0  1.0  -0.247189563195021  -0.0  0.0  -0.0  1.0
26456013410774;nan;nan;1.0  -0.0  0.0  0.9095435115942031  -0.0  1.0  -0.0  10.95040710721256  -0.0  0.0  1.0  -4.8246041104492745  -0.0  0.0  -0.0  1.0
26456013410805;nan;nan;1.0  -0.0  0.0  -2.9890151610961535  -0.0  1.0  -0.0  -4.361751251611858  0.0  -0.0  1.0  6.102021833336538  -0.0  0.0  -0.0  1.0
26456013410836;nan;nan;1.0  -0.0  0.0  15.272664701635293  -0.0  1.0  -0.0  -2.393043848717647  0.0  0.0  1.0  -1.3134725327621175  -0.0  0.0  -0.0  1.0
26456013410867;nan;nan;1.0  -0.0  0.0  5.328265615  -0.0  1.0  -0.0  2.3413543850000003  -0.0  0.0  1.0  -6.513378350000001  -0.0  0.0  -0.0  1.0
26456013410898;nan;nan;1.0  -0.0  0.0  3.440617735  -0.0  1.0  -0.0  -0.9164509877888889  0.0  -0.0  1.0  2.5736200502555557  -0.0  0.0  -0.0  1.0
26456013410929;nan;nan;1.0  -0.0  0.0  -2.109730272926136  -0.0  1.0  -0.0  -3.259355694147727  0.0  -0.0  1.0  -3.5749498167602267  -0.0  0.0  -0.0  1.0
26456013410960;nan;nan;1.0  -0.0  0.0  2.4114806499999997  -0.0  1.0  -0.0  2.9978632673  -0.0  -0.0  1.0  2.6770752277999996  -0.0  0.0  -0.0  1.0
26456013410991;nan;nan;1.0  -0.0  -0.0  -6.2058529500000015  -0.0  1.0  0.0  0.3194793166880352  -0.0  -0.0  1.0  7.888243382525642  -0.0  0.0  -0.0  1.0
26456013411022;nan;nan;1.0  -0.0  -0.0  -2.20807953  -0.0  1.0  0.0  6.210734428333333  -0.0  -0.0  1.0  -8.951242016666665  -0.0  0.0  -0.0  1.0
26456013411053;nan;nan;1.0  -0.0  0.0  6.045792167600001  -0.0  1.0  -0.0  -11.099731845279997  0.0  -0.0  1.0  7.5101623118  -0.0  0.0  -0.0  1.0
26456013411084;nan;nan;1.0  -0.0  -0.0  -4.511318542857143  -0.0  1.0  0.0  6.997390467619049  -0.0  -0.0  1.0  -2.7004809229523805  -0.0  0.0  -0.0  1.0
26456013411115;nan;nan;1.0  -0.0  -0.0  -2.506714115000001  -0.0  1.0  0.0  3.3227305055769234  -0.0  -0.0  1.0  -11.845403700807692  -0.0  0.0  -0.0  1.0
26456013411146;nan;nan;1.0  -0.0  0.0  -3.2018888518181816  -0.0  1.0  -0.0  -1.0127425905454546  0.0  -0.0  1.0  12.968789347954544  -0.0  0.0  -0.0  1.0
26456013411177;nan;nan;1.0  -0.0  -0.0  -3.770461662290322  -0.0  1.0  0.0  2.2363387284946232  -0.0  -0.0  1.0  -1.3814707670817203  -0.0  0.0  -0.0  1.0
26456013411208;nan;nan;1.0  -0.0  0.0  4.21118862  -0.0  1.0  -0.0  13.0996913746875  -0.0  0.0  1.0  -0.44801190774999994  -0.0  0.0  -0.0  1.0
26456013411239;nan;nan;1.0  -0.0  0.0  -6.317775785425288  -0.0  1.0  -0.0  -16.99602966694253  0.0  -0.0  1.0  0.9418182517356323  -0.0  0.0  -0.0  1.0
26456013411270;nan;nan;1.0  -0.0  0.0  -4.7561701055555545  -0.0  1.0  -0.0  -13.506995686444444  0.0  -0.0  1.0  11.069629785170372  -0.0  0.0  -0.0  1.0
26456013411301;nan;nan;1.0  -0.0  0.0  8.696226135  -0.0  1.0  -0.0  2.8852553  -0.0  -0.0  1.0  10.05231013  -0.0  0.0  -0.0  1.0
26456013411332;nan;nan;1.0  -0.0  0.0  -11.6839137875  -0.0  1.0  -0.0  -8.602229870833334  0.0  -0.0  1.0  4.520910539166667  -0.0  0.0  -0.0  1.0
26456013411363;nan;nan;1.0  -0.0  -0.0  -9.505803067580645  -0.0  1.0  0.0  3.603407613451612  -0.0  -0.0  1.0  6.425631709451613  -0.0  0.0  -0.0  1.0
26456013411394;nan;nan;1.0  -0.0  0.0  -4.26051165956923  -0.0  1.0  -0.0  -1.436656012076923  0.0  -0.0  1.0  4.5359772677184615  -0.0  0.0  -0.0  1.0
26456013411425;nan;nan;1.0  -0.0  0.0  9.050128799563636  -0.0  1.0  -0.0  -0.7072220297818185  0.0  0.0  1.0  -0.5193512067538182  -0.0  0.0  -0.0  1.0
26456013411456;nan;nan;1.0  -0.0  0.0  -0.1432864699999996  -0.0  1.0  -0.0  -0.8689598053333334  0.0  -0.0  1.0  -2.5779165529466663  -0.0  0.0  -0.0  1.0
26456013411487;nan;nan;1.0  -0.0  -0.0  -2.371303816666667  -0.0  1.0  0.0  1.1076359808333334  -0.0  -0.0  1.0  -0.6439419000000001  -0.0  0.0  -0.0  1.0
26456013411518;nan;nan;1.0  -0.0  0.0  4.257237073714286  -0.0  1.0  -0.0  3.781339987671428  -0.0  -0.0  1.0  6.2812250459887125  -0.0  0.0  -0.0  1.0
26456013411549;nan;nan;1.0  -0.0  0.0  1.34455539  -0.0  1.0  -0.0  4.839681376666667  -0.0  -0.0  1.0  1.2295347166666668  -0.0  0.0  -0.0  1.0
26456013411580;nan;nan;1.0  -0.0  0.0  1.9766570250000002  -0.0  1.0  -0.0  1.6090823800000003  -0.0  -0.0  1.0  9.44099048215  -0.0  0.0  -0.0  1.0
26456013411611;nan;nan;1.0  -0.0  0.0  0.805993178  -0.0  1.0  -0.0  -1.6185986719999998  0.0  0.0  1.0  -0.13231114532  -0.0  0.0  -0.0  1.0
26456013411642;nan;nan;1.0  -0.0  0.0  3.08579283  -0.0  1.0  -0.0  1.00450945325  -0.0  -0.0  1.0  4.8171867524  -0.0  0.0  -0.0  1.0
26456013411673;nan;nan;1.0  -0.0  0.0  3.230116065952381  -0.0  1.0  -0.0  3.5429317738095234  -0.0  0.0  1.0  -7.392658800090477  -0.0  0.0  -0.0  1.0
26456013411704;nan;nan;1.0  -0.0  -0.0  -2.8910900211739134  -0.0  1.0  0.0  0.36322208834782654  -0.0  -0.0  1.0  -6.442919669434781  -0.0  0.0  -0.0  1.0
26456013411735;nan;nan;1.0  -0.0  0.0  10.572236996  -0.0  1.0  -0.0  -1.0654859962499996  0.0  0.0  1.0  -8.274598031082311  -0.0  0.0  -0.0  1.0
26456013411766;nan;nan;1.0  -0.0  0.0  -4.749056404  -0.0  1.0  -0.0  -4.350586642666666  0.0  -0.0  1.0  5.879687919333333  -0.0  0.0  -0.0  1.0
26456013411797;nan;nan;1.0  -0.0  -0.0  -2.9668931774  -0.0  1.0  0.0  0.5850600297200002  -0.0  -0.0  1.0  -0.9146833381999997  -0.0  0.0  -0.0  1.0
26456013411828;nan;nan;1.0  -0.0  -0.0  -0.13680171666666668  -0.0  1.0  0.0  1.6951732650000002  -0.0  -0.0  1.0  6.756979583333333  -0.0  0.0  -0.0  1.0
26456013411859;nan;nan;1.0  -0.0  0.0  7.033610720571429  -0.0  1.0  -0.0  5.630507975285714  -0.0  0.0  1.0  -2.6248694361095244  -0.0  0.0  -0.0  1.0
26456013411890;nan;nan;1.0  -0.0  0.0  -5.391901102499999  -0.0  1.0  -0.0  -0.31174436650000004  0.0  -0.0  1.0  -9.0777999133375  -0.0  0.0  -0.0  1.0
26456013411921;nan;nan;1.0  -0.0  -0.0  -1.1968760360952382  -0.0  1.0  0.0  2.445172675285714  -0.0  -0.0  1.0  -8.04157810277619  -0.0  0.0  -0.0  1.0
26456013411952;nan;nan;1.0  -0.0  0.0  1.92992677  -0.0  1.0  -0.0  -0.890636705  0.0  0.0  1.0  -3.21251175  -0.0  0.0  -0.0  1.0
26456013411983;nan;nan;1.0  -0.0  -0.0  -0.7321466607142858  -0.0  1.0  0.0  0.09900983834285704  -0.0  -0.0  1.0  -5.6314859467571425  -0.0  0.0  -0.0  1.0
26456013412014;nan;nan;1.0  -0.0  0.0  -4.817294575  -0.0  1.0  -0.0  -12.78593332  0.0  -0.0  1.0  -4.0097064178499995  -0.0  0.0  -0.0  1.0
26456013412045;nan;nan;1.0  -0.0  0.0  -2.3075021511521743  -0.0  1.0  -0.0  -0.1468235382065215  0.0  -0.0  1.0  4.561055711209783  -0.0  0.0  -0.0  1.0
26456013412076;nan;nan;1.0  -0.0  0.0  -7.860913425000001  -0.0  1.0  -0.0  -5.9866709243333345  0.0  -0.0  1.0  -1.2747921483333333  -0.0  0.0  -0.0  1.0
26456013412107;nan;nan;1.0  -0.0  -0.0  -7.939378421818182  -0.0  1.0  0.0  3.792197276121212  -0.0  -0.0  1.0  10.505062681287878  -0.0  0.0  -0.0  1.0
26456013412138;nan;nan;1.0  -0.0  0.0  -13.805848688484849  -0.0  1.0  -0.0  -1.359932457212121  0.0  -0.0  1.0  -1.0806405853787877  -0.0  0.0  -0.0  1.0
26456013412169;nan;nan;1.0  -0.0  0.0  3.564505045333333  -0.0  1.0  -0.0  1.4860303250833335  -0.0  0.0  1.0  -0.07694916908231264  -0.0  0.0  -0.0  1.0
26456013412200;nan;nan;1.0  -0.0  0.0  -2.9453632148181814  -0.0  1.0  -0.0  -2.2591165405454543  0.0  -0.0  1.0  -9.764168652045456  -0.0  0.0  -0.0  1.0
26456013412231;nan;nan;1.0  -0.0  -0.0  -3.5593292116666664  -0.0  1.0  0.0  3.33571871  -0.0  -0.0  1.0  -3.6097376795700002  -0.0  0.0  -0.0  1.0
26456013412262;nan;nan;1.0  -0.0  0.0  0.17727103200000016  -0.0  1.0  -0.0  -2.909017483  0.0  -0.0  1.0  7.9056611524000004  -0.0  0.0  -0.0  1.0
26456013412293;nan;nan;1.0  -0.0  0.0  -0.783405938  -0.0  1.0  -0.0  -1.1341512100000002  0.0  -0.0  1.0  8.874293300000001  -0.0  0.0  -0.0  1.0
26456013412324;nan;nan;1.0  -0.0  0.0  -5.609075815  -0.0  1.0  -0.0  -0.37064721149999996  0.0  -0.0  1.0  -10.621007815399999  -0.0  0.0  -0.0  1.0
26456013412355;nan;nan;1.0  -0.0  -0.0  -0.12831719276190479  -0.0  1.0  0.0  5.243748708619048  -0.0  -0.0  1.0  2.9807376305571425  -0.0  0.0  -0.0  1.0
26456013412386;nan;nan;1.0  -0.0  -0.0  -5.267693799166667  -0.0  1.0  0.0  1.8062620333333337  -0.0  -0.0  1.0  -5.518506555441667  -0.0  0.0  -0.0  1.0
26456013412417;nan;nan;1.0  -0.0  0.0  7.338860061111111  -0.0  1.0  -0.0  -5.092675569777778  0.0  0.0  1.0  -6.341934781496295  -0.0  0.0  -0.0  1.0
26456013412448;nan;nan;1.0  -0.0  0.0  -3.2704616101372137  -0.0  1.0  -0.0  -3.485633539479209  0.0  -0.0  1.0  -5.97204076824948  -0.0  0.0  -0.0  1.0
26456013412479;nan;nan;1.0  -0.0  -0.0  -2.821351565  -0.0  1.0  0.0  2.84364315  -0.0  -0.0  1.0  -0.24131497000000002  -0.0  0.0  -0.0  1.0
26456013412510;nan;nan;1.0  -0.0  0.0  -0.8857863500000001  -0.0  1.0  -0.0  -0.300491736  0.0  -0.0  1.0  14.796585149999999  -0.0  0.0  -0.0  1.0
26456013412541;nan;nan;1.0  -0.0  0.0  0.6097466134285715  -0.0  1.0  -0.0  0.9780888934285714  -0.0  -0.0  1.0  7.420933669857143  -0.0  0.0  -0.0  1.0
26456013412572;nan;nan;1.0  -0.0  0.0  2.7426860809307696  -0.0  1.0  -0.0  -12.314738709102565  0.0  0.0  1.0  -0.05264856767179493  -0.0  0.0  -0.0  1.0
26456013412603;nan;nan;1.0  -0.0  0.0  4.29940688984806  -0.0  1.0  -0.0  0.368299471368535  -0.0  0.0  1.0  -5.84758968436099  -0.0  0.0  -0.0  1.0
26456013412634;nan;nan;1.0  -0.0  0.0  6.8168744440000015  -0.0  1.0  -0.0  -1.2738752009999998  0.0  0.0  1.0  -10.526009532900002  -0.0  0.0  -0.0  1.0
26456013412665;nan;nan;1.0  -0.0  0.0  -0.937347312  -0.0  1.0  -0.0  -0.6124375509000001  0.0  -0.0  1.0  -5.801855768296999  -0.0  0.0  -0.0  1.0
26456013412696;nan;nan;1.0  -0.0  0.0  -1.4227143406944447  -0.0  1.0  -0.0  -10.281033248333333  0.0  -0.0  1.0  2.42786160175  -0.0  0.0  -0.0  1.0
26456013412727;nan;nan;1.0  -0.0  0.0  -1.1400364506666667  -0.0  1.0  -0.0  -0.13117255  0.0  -0.0  1.0  -8.50988959  -0.0  0.0  -0.0  1.0
26456013412758;nan;nan;1.0  -0.0  0.0  -2.9849717504444437  -0.0  1.0  -0.0  -3.0023084798888884  0.0  -0.0  1.0  -10.908443477344443  -0.0  0.0  -0.0  1.0
26456013412789;nan;nan;1.0  -0.0  0.0  -2.5059613956756754  -0.0  1.0  -0.0  -5.478852769594593  0.0  -0.0  1.0  0.521464642135135  -0.0  0.0  -0.0  1.0
26456013412820;nan;nan;1.0  -0.0  0.0  -0.211477395  -0.0  1.0  -0.0  -0.16224313300000004  0.0  -0.0  1.0  -10.65290262  -0.0  0.0  -0.0  1.0
26456013412851;nan;nan;1.0  -0.0  0.0  -7.292507477692307  -0.0  1.0  -0.0  -7.524406608999999  0.0  -0.0  1.0  -6.496107634865385  -0.0  0.0  -0.0  1.0
26456013412882;nan;nan;1.0  -0.0  0.0  1.056732335147368  -0.0  1.0  -0.0  -0.2767195738105266  0.0  0.0  1.0  -2.152480948566737  -0.0  0.0  -0.0  1.0
26456013412913;nan;nan;1.0  -0.0  0.0  5.6235109854999985  -0.0  1.0  -0.0  -0.4651573622149999  0.0  0.0  1.0  -12.08298752712675  -0.0  0.0  -0.0  1.0
26456013412944;nan;nan;0.3583037454014422  0.9161210979105541  -0.1798348130770586  -7.363274331692374  0.13364693494442115  -0.24097134735847056  -0.9612862770955412  -0.9031318806096142  -0.9239896767882525  0.3203981019222894  -0.2087777130666372  1.0193429764315571  -0.0  -0.0  0.0  1.0
26456013412975;nan;nan;1.0  -0.0  -0.0  -1.0992806029914526  -0.0  1.0  0.0  1.300948778427351  -0.0  -0.0  1.0  7.874300203119088  -0.0  0.0  -0.0  1.0
26456013413006;nan;nan;1.0  -0.0  0.0  5.166497885625001  -0.0  1.0  -0.0  -4.136583101708333  0.0  -0.0  1.0  0.4626884501041667  -0.0  0.0  -0.0  1.0
26456013413037;nan;nan;1.0  -0.0  0.0  -3.612341916923077  -0.0  1.0  -0.0  -1.4753940620352566  0.0  -0.0  1.0  -8.805501465723717  -0.0  0.0  -0.0  1.0
26456013413068;nan;nan;1.0  -0.0  0.0  0.45018570436363636  -0.0  1.0  -0.0  6.513295607954546  -0.0  0.0  1.0  -7.3812986822181825  -0.0  0.0  -0.0  1.0
26456013413099;nan;nan;1.0  -0.0  0.0  4.590839076  -0.0  1.0  -0.0  8.249127574000001  -0.0  -0.0  1.0  8.172408461  -0.0  0.0  -0.0  1.0
